"C","Dispatch Fuel Mix Report"
"C","Filename: genfuelmix_20200530.csv"
"C","Report for 05/30/2020"
"C","Report generated 06/10/2020 19:25:42 EDT"
"H","Date","Time","Fuel Category","Fuel Category Rollup","Gen Mw","Marginal Flag"
"H","Local Date","Local Time","String","String","MWh","String"
"D","05/30/2020","00:02:49","Hydro","Hydro",1275,"Yes"
"D","05/30/2020","00:02:49","Natural Gas","Natural Gas",7200,"No"
"D","05/30/2020","00:02:49","Nuclear","Nuclear",1227,"No"
"D","05/30/2020","00:02:49","Oil","Oil",19,"No"
"D","05/30/2020","00:02:49","Other","Other",12,"No"
"D","05/30/2020","00:02:49","Landfill Gas","Renewables",29,"No"
"D","05/30/2020","00:02:49","Refuse","Renewables",342,"No"
"D","05/30/2020","00:02:49","Wind","Renewables",394,"Yes"
"D","05/30/2020","00:02:49","Wood","Renewables",230,"No"
"D","05/30/2020","00:17:14","Hydro","Hydro",1397,"Yes"
"D","05/30/2020","00:17:14","Natural Gas","Natural Gas",6710,"No"
"D","05/30/2020","00:17:14","Nuclear","Nuclear",1227,"No"
"D","05/30/2020","00:17:14","Oil","Oil",29,"No"
"D","05/30/2020","00:17:14","Other","Other",9,"No"
"D","05/30/2020","00:17:14","Landfill Gas","Renewables",29,"No"
"D","05/30/2020","00:17:14","Refuse","Renewables",342,"No"
"D","05/30/2020","00:17:14","Wind","Renewables",420,"Yes"
"D","05/30/2020","00:17:14","Wood","Renewables",232,"No"
"D","05/30/2020","00:28:04","Hydro","Hydro",1537,"No"
"D","05/30/2020","00:28:04","Natural Gas","Natural Gas",6645,"Yes"
"D","05/30/2020","00:28:04","Nuclear","Nuclear",1227,"No"
"D","05/30/2020","00:28:04","Oil","Oil",55,"No"
"D","05/30/2020","00:28:04","Other","Other",8,"No"
"D","05/30/2020","00:28:04","Landfill Gas","Renewables",29,"No"
"D","05/30/2020","00:28:04","Refuse","Renewables",343,"No"
"D","05/30/2020","00:28:04","Wind","Renewables",405,"Yes"
"D","05/30/2020","00:28:04","Wood","Renewables",233,"No"
"D","05/30/2020","00:28:19","Hydro","Hydro",1537,"No"
"D","05/30/2020","00:28:19","Natural Gas","Natural Gas",6645,"Yes"
"D","05/30/2020","00:28:19","Nuclear","Nuclear",1227,"No"
"D","05/30/2020","00:28:19","Oil","Oil",55,"No"
"D","05/30/2020","00:28:19","Other","Other",8,"No"
"D","05/30/2020","00:28:19","Landfill Gas","Renewables",29,"No"
"D","05/30/2020","00:28:19","Refuse","Renewables",343,"No"
"D","05/30/2020","00:28:19","Wind","Renewables",405,"Yes"
"D","05/30/2020","00:28:19","Wood","Renewables",233,"No"
"D","05/30/2020","00:29:35","Hydro","Hydro",1550,"No"
"D","05/30/2020","00:29:35","Natural Gas","Natural Gas",6544,"Yes"
"D","05/30/2020","00:29:35","Nuclear","Nuclear",1225,"No"
"D","05/30/2020","00:29:35","Oil","Oil",67,"No"
"D","05/30/2020","00:29:35","Other","Other",7,"No"
"D","05/30/2020","00:29:35","Landfill Gas","Renewables",29,"No"
"D","05/30/2020","00:29:35","Refuse","Renewables",344,"No"
"D","05/30/2020","00:29:35","Wind","Renewables",388,"Yes"
"D","05/30/2020","00:29:35","Wood","Renewables",234,"No"
"D","05/30/2020","00:54:58","Hydro","Hydro",1217,"Yes"
"D","05/30/2020","00:54:58","Natural Gas","Natural Gas",5855,"No"
"D","05/30/2020","00:54:58","Nuclear","Nuclear",1227,"No"
"D","05/30/2020","00:54:58","Oil","Oil",456,"No"
"D","05/30/2020","00:54:58","Other","Other",20,"No"
"D","05/30/2020","00:54:58","Landfill Gas","Renewables",29,"No"
"D","05/30/2020","00:54:58","Refuse","Renewables",341,"No"
"D","05/30/2020","00:54:58","Wind","Renewables",442,"Yes"
"D","05/30/2020","00:54:58","Wood","Renewables",241,"No"
"D","05/30/2020","01:00:20","Hydro","Hydro",1348,"No"
"D","05/30/2020","01:00:20","Natural Gas","Natural Gas",5870,"Yes"
"D","05/30/2020","01:00:20","Nuclear","Nuclear",1227,"No"
"D","05/30/2020","01:00:20","Oil","Oil",491,"No"
"D","05/30/2020","01:00:20","Other","Other",10,"No"
"D","05/30/2020","01:00:20","Landfill Gas","Renewables",29,"No"
"D","05/30/2020","01:00:20","Refuse","Renewables",343,"No"
"D","05/30/2020","01:00:20","Wind","Renewables",413,"Yes"
"D","05/30/2020","01:00:20","Wood","Renewables",239,"No"
"D","05/30/2020","01:04:11","Hydro","Hydro",1077,"No"
"D","05/30/2020","01:04:11","Natural Gas","Natural Gas",5908,"No"
"D","05/30/2020","01:04:11","Nuclear","Nuclear",1227,"No"
"D","05/30/2020","01:04:11","Oil","Oil",422,"Yes"
"D","05/30/2020","01:04:11","Other","Other",20,"No"
"D","05/30/2020","01:04:11","Landfill Gas","Renewables",29,"No"
"D","05/30/2020","01:04:11","Refuse","Renewables",340,"No"
"D","05/30/2020","01:04:11","Wind","Renewables",421,"Yes"
"D","05/30/2020","01:04:11","Wood","Renewables",240,"No"
"D","05/30/2020","01:22:57","Hydro","Hydro",815,"No"
"D","05/30/2020","01:22:57","Natural Gas","Natural Gas",5946,"Yes"
"D","05/30/2020","01:22:57","Nuclear","Nuclear",1227,"No"
"D","05/30/2020","01:22:57","Oil","Oil",613,"No"
"D","05/30/2020","01:22:57","Other","Other",8,"No"
"D","05/30/2020","01:22:57","Landfill Gas","Renewables",29,"No"
"D","05/30/2020","01:22:57","Refuse","Renewables",336,"No"
"D","05/30/2020","01:22:57","Wind","Renewables",436,"Yes"
"D","05/30/2020","01:22:57","Wood","Renewables",243,"No"
"D","05/30/2020","01:45:15","Hydro","Hydro",988,"No"
"D","05/30/2020","01:45:15","Natural Gas","Natural Gas",5743,"Yes"
"D","05/30/2020","01:45:15","Nuclear","Nuclear",1225,"No"
"D","05/30/2020","01:45:15","Oil","Oil",576,"No"
"D","05/30/2020","01:45:15","Other","Other",5,"No"
"D","05/30/2020","01:45:15","Landfill Gas","Renewables",30,"No"
"D","05/30/2020","01:45:15","Refuse","Renewables",340,"No"
"D","05/30/2020","01:45:15","Wind","Renewables",428,"Yes"
"D","05/30/2020","01:45:15","Wood","Renewables",241,"No"
"D","05/30/2020","01:59:53","Hydro","Hydro",950,"No"
"D","05/30/2020","01:59:53","Natural Gas","Natural Gas",5637,"Yes"
"D","05/30/2020","01:59:53","Nuclear","Nuclear",1227,"No"
"D","05/30/2020","01:59:53","Oil","Oil",552,"No"
"D","05/30/2020","01:59:53","Other","Other",6,"No"
"D","05/30/2020","01:59:53","Landfill Gas","Renewables",29,"No"
"D","05/30/2020","01:59:53","Refuse","Renewables",336,"No"
"D","05/30/2020","01:59:53","Wind","Renewables",416,"Yes"
"D","05/30/2020","01:59:53","Wood","Renewables",238,"No"
"D","05/30/2020","02:14:11","Hydro","Hydro",707,"No"
"D","05/30/2020","02:14:11","Natural Gas","Natural Gas",6073,"Yes"
"D","05/30/2020","02:14:11","Nuclear","Nuclear",1225,"No"
"D","05/30/2020","02:14:11","Oil","Oil",354,"No"
"D","05/30/2020","02:14:11","Other","Other",5,"No"
"D","05/30/2020","02:14:11","Landfill Gas","Renewables",29,"No"
"D","05/30/2020","02:14:11","Refuse","Renewables",337,"No"
"D","05/30/2020","02:14:11","Wind","Renewables",468,"Yes"
"D","05/30/2020","02:14:11","Wood","Renewables",241,"No"
"D","05/30/2020","02:36:09","Hydro","Hydro",709,"Yes"
"D","05/30/2020","02:36:09","Natural Gas","Natural Gas",6082,"No"
"D","05/30/2020","02:36:09","Nuclear","Nuclear",1225,"No"
"D","05/30/2020","02:36:09","Oil","Oil",85,"No"
"D","05/30/2020","02:36:09","Other","Other",6,"No"
"D","05/30/2020","02:36:09","Landfill Gas","Renewables",29,"No"
"D","05/30/2020","02:36:09","Refuse","Renewables",338,"No"
"D","05/30/2020","02:36:09","Wind","Renewables",471,"Yes"
"D","05/30/2020","02:36:09","Wood","Renewables",239,"Yes"
"D","05/30/2020","02:53:46","Hydro","Hydro",710,"Yes"
"D","05/30/2020","02:53:46","Natural Gas","Natural Gas",6293,"No"
"D","05/30/2020","02:53:46","Nuclear","Nuclear",1227,"No"
"D","05/30/2020","02:53:46","Oil","Oil",93,"No"
"D","05/30/2020","02:53:46","Other","Other",27,"No"
"D","05/30/2020","02:53:46","Landfill Gas","Renewables",29,"No"
"D","05/30/2020","02:53:46","Refuse","Renewables",341,"No"
"D","05/30/2020","02:53:46","Wind","Renewables",474,"Yes"
"D","05/30/2020","02:53:46","Wood","Renewables",241,"Yes"
"D","05/30/2020","03:11:37","Hydro","Hydro",672,"Yes"
"D","05/30/2020","03:11:37","Natural Gas","Natural Gas",6364,"Yes"
"D","05/30/2020","03:11:37","Nuclear","Nuclear",1227,"No"
"D","05/30/2020","03:11:37","Oil","Oil",8,"No"
"D","05/30/2020","03:11:37","Other","Other",27,"No"
"D","05/30/2020","03:11:37","Landfill Gas","Renewables",29,"No"
"D","05/30/2020","03:11:37","Refuse","Renewables",339,"No"
"D","05/30/2020","03:11:37","Wind","Renewables",532,"Yes"
"D","05/30/2020","03:11:37","Wood","Renewables",238,"No"
"D","05/30/2020","03:24:02","Hydro","Hydro",623,"Yes"
"D","05/30/2020","03:24:02","Natural Gas","Natural Gas",6333,"Yes"
"D","05/30/2020","03:24:02","Nuclear","Nuclear",1225,"No"
"D","05/30/2020","03:24:02","Other","Other",0,"No"
"D","05/30/2020","03:24:02","Landfill Gas","Renewables",29,"No"
"D","05/30/2020","03:24:02","Refuse","Renewables",340,"No"
"D","05/30/2020","03:24:02","Wind","Renewables",516,"Yes"
"D","05/30/2020","03:24:02","Wood","Renewables",232,"No"
"D","05/30/2020","03:40:01","Hydro","Hydro",609,"No"
"D","05/30/2020","03:40:01","Natural Gas","Natural Gas",6197,"Yes"
"D","05/30/2020","03:40:01","Nuclear","Nuclear",1225,"No"
"D","05/30/2020","03:40:01","Other","Other",1,"No"
"D","05/30/2020","03:40:01","Landfill Gas","Renewables",30,"No"
"D","05/30/2020","03:40:01","Refuse","Renewables",335,"No"
"D","05/30/2020","03:40:01","Wind","Renewables",506,"No"
"D","05/30/2020","03:40:01","Wood","Renewables",232,"Yes"
"D","05/30/2020","03:55:02","Hydro","Hydro",618,"No"
"D","05/30/2020","03:55:02","Natural Gas","Natural Gas",6283,"Yes"
"D","05/30/2020","03:55:02","Nuclear","Nuclear",1225,"No"
"D","05/30/2020","03:55:02","Landfill Gas","Renewables",29,"No"
"D","05/30/2020","03:55:02","Refuse","Renewables",342,"No"
"D","05/30/2020","03:55:02","Wind","Renewables",501,"Yes"
"D","05/30/2020","03:55:02","Wood","Renewables",229,"No"
"D","05/30/2020","04:09:18","Hydro","Hydro",611,"No"
"D","05/30/2020","04:09:18","Natural Gas","Natural Gas",6320,"Yes"
"D","05/30/2020","04:09:18","Nuclear","Nuclear",1225,"No"
"D","05/30/2020","04:09:18","Other","Other",0,"No"
"D","05/30/2020","04:09:18","Landfill Gas","Renewables",29,"No"
"D","05/30/2020","04:09:18","Refuse","Renewables",343,"No"
"D","05/30/2020","04:09:18","Wind","Renewables",502,"No"
"D","05/30/2020","04:09:18","Wood","Renewables",234,"Yes"
"D","05/30/2020","04:28:36","Hydro","Hydro",609,"Yes"
"D","05/30/2020","04:28:36","Natural Gas","Natural Gas",6211,"Yes"
"D","05/30/2020","04:28:36","Nuclear","Nuclear",1225,"No"
"D","05/30/2020","04:28:36","Other","Other",1,"No"
"D","05/30/2020","04:28:36","Landfill Gas","Renewables",29,"No"
"D","05/30/2020","04:28:36","Refuse","Renewables",342,"No"
"D","05/30/2020","04:28:36","Wind","Renewables",478,"No"
"D","05/30/2020","04:28:36","Wood","Renewables",234,"No"
"D","05/30/2020","04:32:14","Hydro","Hydro",608,"Yes"
"D","05/30/2020","04:32:14","Natural Gas","Natural Gas",6263,"Yes"
"D","05/30/2020","04:32:14","Nuclear","Nuclear",1227,"No"
"D","05/30/2020","04:32:14","Landfill Gas","Renewables",29,"No"
"D","05/30/2020","04:32:14","Refuse","Renewables",344,"No"
"D","05/30/2020","04:32:14","Wind","Renewables",489,"Yes"
"D","05/30/2020","04:32:14","Wood","Renewables",234,"No"
"D","05/30/2020","04:52:46","Hydro","Hydro",604,"Yes"
"D","05/30/2020","04:52:46","Natural Gas","Natural Gas",6491,"Yes"
"D","05/30/2020","04:52:46","Nuclear","Nuclear",1225,"No"
"D","05/30/2020","04:52:46","Other","Other",2,"No"
"D","05/30/2020","04:52:46","Landfill Gas","Renewables",29,"No"
"D","05/30/2020","04:52:46","Refuse","Renewables",340,"No"
"D","05/30/2020","04:52:46","Wind","Renewables",544,"Yes"
"D","05/30/2020","04:52:46","Wood","Renewables",230,"No"
"D","05/30/2020","04:59:27","Hydro","Hydro",592,"Yes"
"D","05/30/2020","04:59:27","Natural Gas","Natural Gas",6430,"Yes"
"D","05/30/2020","04:59:27","Nuclear","Nuclear",1225,"No"
"D","05/30/2020","04:59:27","Other","Other",17,"No"
"D","05/30/2020","04:59:27","Landfill Gas","Renewables",29,"No"
"D","05/30/2020","04:59:27","Refuse","Renewables",337,"No"
"D","05/30/2020","04:59:27","Wind","Renewables",537,"Yes"
"D","05/30/2020","04:59:27","Wood","Renewables",229,"No"
"D","05/30/2020","05:05:09","Hydro","Hydro",587,"Yes"
"D","05/30/2020","05:05:09","Natural Gas","Natural Gas",6423,"Yes"
"D","05/30/2020","05:05:09","Nuclear","Nuclear",1227,"No"
"D","05/30/2020","05:05:09","Other","Other",13,"No"
"D","05/30/2020","05:05:09","Landfill Gas","Renewables",29,"No"
"D","05/30/2020","05:05:09","Refuse","Renewables",339,"No"
"D","05/30/2020","05:05:09","Wind","Renewables",540,"Yes"
"D","05/30/2020","05:05:09","Wood","Renewables",226,"No"
"D","05/30/2020","05:28:26","Hydro","Hydro",593,"No"
"D","05/30/2020","05:28:26","Natural Gas","Natural Gas",6548,"Yes"
"D","05/30/2020","05:28:26","Nuclear","Nuclear",1225,"No"
"D","05/30/2020","05:28:26","Landfill Gas","Renewables",29,"No"
"D","05/30/2020","05:28:26","Refuse","Renewables",338,"No"
"D","05/30/2020","05:28:26","Wind","Renewables",571,"Yes"
"D","05/30/2020","05:28:26","Wood","Renewables",225,"Yes"
"D","05/30/2020","05:42:04","Hydro","Hydro",596,"No"
"D","05/30/2020","05:42:04","Natural Gas","Natural Gas",6488,"Yes"
"D","05/30/2020","05:42:04","Nuclear","Nuclear",1227,"No"
"D","05/30/2020","05:42:04","Other","Other",8,"No"
"D","05/30/2020","05:42:04","Landfill Gas","Renewables",22,"No"
"D","05/30/2020","05:42:04","Refuse","Renewables",340,"No"
"D","05/30/2020","05:42:04","Solar","Renewables",0,"No"
"D","05/30/2020","05:42:04","Wind","Renewables",568,"Yes"
"D","05/30/2020","05:42:04","Wood","Renewables",229,"Yes"
"D","05/30/2020","06:01:26","Hydro","Hydro",596,"Yes"
"D","05/30/2020","06:01:26","Natural Gas","Natural Gas",6523,"Yes"
"D","05/30/2020","06:01:26","Nuclear","Nuclear",1227,"No"
"D","05/30/2020","06:01:26","Landfill Gas","Renewables",22,"No"
"D","05/30/2020","06:01:26","Refuse","Renewables",342,"No"
"D","05/30/2020","06:01:26","Solar","Renewables",3,"No"
"D","05/30/2020","06:01:26","Wind","Renewables",573,"Yes"
"D","05/30/2020","06:01:26","Wood","Renewables",226,"No"
"D","05/30/2020","06:07:21","Hydro","Hydro",616,"No"
"D","05/30/2020","06:07:21","Natural Gas","Natural Gas",6483,"Yes"
"D","05/30/2020","06:07:21","Nuclear","Nuclear",1227,"No"
"D","05/30/2020","06:07:21","Landfill Gas","Renewables",22,"No"
"D","05/30/2020","06:07:21","Refuse","Renewables",337,"No"
"D","05/30/2020","06:07:21","Solar","Renewables",6,"No"
"D","05/30/2020","06:07:21","Wind","Renewables",605,"No"
"D","05/30/2020","06:07:21","Wood","Renewables",225,"Yes"
"D","05/30/2020","06:25:37","Hydro","Hydro",613,"No"
"D","05/30/2020","06:25:37","Natural Gas","Natural Gas",6451,"Yes"
"D","05/30/2020","06:25:37","Nuclear","Nuclear",1225,"No"
"D","05/30/2020","06:25:37","Landfill Gas","Renewables",22,"No"
"D","05/30/2020","06:25:37","Refuse","Renewables",343,"No"
"D","05/30/2020","06:25:37","Solar","Renewables",10,"No"
"D","05/30/2020","06:25:37","Wind","Renewables",616,"No"
"D","05/30/2020","06:25:37","Wood","Renewables",225,"Yes"
"D","05/30/2020","06:35:45","Hydro","Hydro",631,"No"
"D","05/30/2020","06:35:45","Natural Gas","Natural Gas",6448,"Yes"
"D","05/30/2020","06:35:45","Nuclear","Nuclear",1225,"No"
"D","05/30/2020","06:35:45","Other","Other",1,"No"
"D","05/30/2020","06:35:45","Landfill Gas","Renewables",22,"No"
"D","05/30/2020","06:35:45","Refuse","Renewables",339,"No"
"D","05/30/2020","06:35:45","Solar","Renewables",12,"No"
"D","05/30/2020","06:35:45","Wind","Renewables",639,"Yes"
"D","05/30/2020","06:35:45","Wood","Renewables",225,"Yes"
"D","05/30/2020","06:49:06","Hydro","Hydro",634,"Yes"
"D","05/30/2020","06:49:06","Natural Gas","Natural Gas",6515,"Yes"
"D","05/30/2020","06:49:06","Nuclear","Nuclear",1227,"No"
"D","05/30/2020","06:49:06","Landfill Gas","Renewables",22,"No"
"D","05/30/2020","06:49:06","Refuse","Renewables",340,"No"
"D","05/30/2020","06:49:06","Solar","Renewables",17,"No"
"D","05/30/2020","06:49:06","Wind","Renewables",627,"No"
"D","05/30/2020","06:49:06","Wood","Renewables",229,"No"
"D","05/30/2020","06:50:36","Hydro","Hydro",633,"Yes"
"D","05/30/2020","06:50:36","Natural Gas","Natural Gas",6524,"Yes"
"D","05/30/2020","06:50:36","Nuclear","Nuclear",1227,"No"
"D","05/30/2020","06:50:36","Landfill Gas","Renewables",22,"No"
"D","05/30/2020","06:50:36","Refuse","Renewables",339,"No"
"D","05/30/2020","06:50:36","Solar","Renewables",18,"No"
"D","05/30/2020","06:50:36","Wind","Renewables",630,"No"
"D","05/30/2020","06:50:36","Wood","Renewables",229,"No"
"D","05/30/2020","06:56:55","Hydro","Hydro",688,"Yes"
"D","05/30/2020","06:56:55","Natural Gas","Natural Gas",6492,"No"
"D","05/30/2020","06:56:55","Nuclear","Nuclear",1229,"No"
"D","05/30/2020","06:56:55","Landfill Gas","Renewables",22,"No"
"D","05/30/2020","06:56:55","Refuse","Renewables",342,"No"
"D","05/30/2020","06:56:55","Solar","Renewables",22,"No"
"D","05/30/2020","06:56:55","Wind","Renewables",623,"No"
"D","05/30/2020","06:56:55","Wood","Renewables",226,"No"
"D","05/30/2020","07:03:55","Hydro","Hydro",727,"Yes"
"D","05/30/2020","07:03:55","Natural Gas","Natural Gas",6651,"Yes"
"D","05/30/2020","07:03:55","Nuclear","Nuclear",1227,"No"
"D","05/30/2020","07:03:55","Other","Other",1,"No"
"D","05/30/2020","07:03:55","Landfill Gas","Renewables",22,"No"
"D","05/30/2020","07:03:55","Refuse","Renewables",339,"No"
"D","05/30/2020","07:03:55","Solar","Renewables",22,"No"
"D","05/30/2020","07:03:55","Wind","Renewables",635,"No"
"D","05/30/2020","07:03:55","Wood","Renewables",226,"No"
"D","05/30/2020","07:06:52","Hydro","Hydro",739,"Yes"
"D","05/30/2020","07:06:52","Natural Gas","Natural Gas",6684,"Yes"
"D","05/30/2020","07:06:52","Nuclear","Nuclear",1229,"No"
"D","05/30/2020","07:06:52","Landfill Gas","Renewables",22,"No"
"D","05/30/2020","07:06:52","Refuse","Renewables",339,"No"
"D","05/30/2020","07:06:52","Solar","Renewables",27,"No"
"D","05/30/2020","07:06:52","Wind","Renewables",638,"No"
"D","05/30/2020","07:06:52","Wood","Renewables",226,"No"
"D","05/30/2020","07:09:52","Hydro","Hydro",705,"Yes"
"D","05/30/2020","07:09:52","Natural Gas","Natural Gas",6688,"Yes"
"D","05/30/2020","07:09:52","Nuclear","Nuclear",1227,"No"
"D","05/30/2020","07:09:52","Other","Other",1,"No"
"D","05/30/2020","07:09:52","Landfill Gas","Renewables",22,"No"
"D","05/30/2020","07:09:52","Refuse","Renewables",334,"No"
"D","05/30/2020","07:09:52","Solar","Renewables",25,"No"
"D","05/30/2020","07:09:52","Wind","Renewables",646,"No"
"D","05/30/2020","07:09:52","Wood","Renewables",226,"No"
"D","05/30/2020","07:15:02","Hydro","Hydro",705,"Yes"
"D","05/30/2020","07:15:02","Natural Gas","Natural Gas",6556,"Yes"
"D","05/30/2020","07:15:02","Nuclear","Nuclear",1227,"No"
"D","05/30/2020","07:15:02","Other","Other",16,"No"
"D","05/30/2020","07:15:02","Landfill Gas","Renewables",22,"No"
"D","05/30/2020","07:15:02","Refuse","Renewables",335,"No"
"D","05/30/2020","07:15:02","Solar","Renewables",30,"No"
"D","05/30/2020","07:15:02","Wind","Renewables",649,"Yes"
"D","05/30/2020","07:15:02","Wood","Renewables",227,"No"
"D","05/30/2020","07:26:03","Hydro","Hydro",700,"Yes"
"D","05/30/2020","07:26:03","Natural Gas","Natural Gas",6678,"Yes"
"D","05/30/2020","07:26:03","Nuclear","Nuclear",1227,"No"
"D","05/30/2020","07:26:03","Other","Other",1,"No"
"D","05/30/2020","07:26:03","Landfill Gas","Renewables",22,"No"
"D","05/30/2020","07:26:03","Refuse","Renewables",333,"No"
"D","05/30/2020","07:26:03","Solar","Renewables",35,"No"
"D","05/30/2020","07:26:03","Wind","Renewables",637,"Yes"
"D","05/30/2020","07:26:03","Wood","Renewables",229,"No"
"D","05/30/2020","07:31:01","Hydro","Hydro",695,"Yes"
"D","05/30/2020","07:31:01","Natural Gas","Natural Gas",6725,"Yes"
"D","05/30/2020","07:31:01","Nuclear","Nuclear",1225,"No"
"D","05/30/2020","07:31:01","Other","Other",1,"No"
"D","05/30/2020","07:31:01","Landfill Gas","Renewables",22,"No"
"D","05/30/2020","07:31:01","Refuse","Renewables",340,"No"
"D","05/30/2020","07:31:01","Solar","Renewables",37,"No"
"D","05/30/2020","07:31:01","Wind","Renewables",631,"No"
"D","05/30/2020","07:31:01","Wood","Renewables",229,"No"
"D","05/30/2020","07:33:37","Hydro","Hydro",698,"Yes"
"D","05/30/2020","07:33:37","Natural Gas","Natural Gas",6758,"No"
"D","05/30/2020","07:33:37","Nuclear","Nuclear",1227,"No"
"D","05/30/2020","07:33:37","Other","Other",1,"No"
"D","05/30/2020","07:33:37","Landfill Gas","Renewables",22,"No"
"D","05/30/2020","07:33:37","Refuse","Renewables",340,"No"
"D","05/30/2020","07:33:37","Solar","Renewables",39,"No"
"D","05/30/2020","07:33:37","Wind","Renewables",619,"No"
"D","05/30/2020","07:33:37","Wood","Renewables",228,"No"
"D","05/30/2020","07:34:48","Hydro","Hydro",698,"Yes"
"D","05/30/2020","07:34:48","Natural Gas","Natural Gas",6772,"No"
"D","05/30/2020","07:34:48","Nuclear","Nuclear",1227,"No"
"D","05/30/2020","07:34:48","Other","Other",1,"No"
"D","05/30/2020","07:34:48","Landfill Gas","Renewables",22,"No"
"D","05/30/2020","07:34:48","Refuse","Renewables",339,"No"
"D","05/30/2020","07:34:48","Solar","Renewables",41,"No"
"D","05/30/2020","07:34:48","Wind","Renewables",636,"No"
"D","05/30/2020","07:34:48","Wood","Renewables",228,"No"
"D","05/30/2020","07:44:10","Hydro","Hydro",720,"Yes"
"D","05/30/2020","07:44:10","Natural Gas","Natural Gas",6844,"No"
"D","05/30/2020","07:44:10","Nuclear","Nuclear",1224,"No"
"D","05/30/2020","07:44:10","Other","Other",2,"No"
"D","05/30/2020","07:44:10","Landfill Gas","Renewables",22,"No"
"D","05/30/2020","07:44:10","Refuse","Renewables",334,"No"
"D","05/30/2020","07:44:10","Solar","Renewables",47,"No"
"D","05/30/2020","07:44:10","Wind","Renewables",615,"No"
"D","05/30/2020","07:44:10","Wood","Renewables",225,"No"
"D","05/30/2020","07:58:37","Hydro","Hydro",766,"Yes"
"D","05/30/2020","07:58:37","Natural Gas","Natural Gas",6866,"Yes"
"D","05/30/2020","07:58:37","Nuclear","Nuclear",1225,"No"
"D","05/30/2020","07:58:37","Other","Other",5,"No"
"D","05/30/2020","07:58:37","Landfill Gas","Renewables",22,"No"
"D","05/30/2020","07:58:37","Refuse","Renewables",347,"No"
"D","05/30/2020","07:58:37","Solar","Renewables",66,"No"
"D","05/30/2020","07:58:37","Wind","Renewables",612,"No"
"D","05/30/2020","07:58:37","Wood","Renewables",226,"No"
"D","05/30/2020","08:08:45","Hydro","Hydro",723,"Yes"
"D","05/30/2020","08:08:45","Natural Gas","Natural Gas",6841,"Yes"
"D","05/30/2020","08:08:45","Nuclear","Nuclear",1227,"No"
"D","05/30/2020","08:08:45","Other","Other",5,"No"
"D","05/30/2020","08:08:45","Landfill Gas","Renewables",22,"No"
"D","05/30/2020","08:08:45","Refuse","Renewables",340,"No"
"D","05/30/2020","08:08:45","Solar","Renewables",62,"No"
"D","05/30/2020","08:08:45","Wind","Renewables",604,"No"
"D","05/30/2020","08:08:45","Wood","Renewables",225,"No"
"D","05/30/2020","08:12:46","Hydro","Hydro",731,"Yes"
"D","05/30/2020","08:12:46","Natural Gas","Natural Gas",6822,"Yes"
"D","05/30/2020","08:12:46","Nuclear","Nuclear",1227,"No"
"D","05/30/2020","08:12:46","Other","Other",16,"No"
"D","05/30/2020","08:12:46","Landfill Gas","Renewables",22,"No"
"D","05/30/2020","08:12:46","Refuse","Renewables",338,"No"
"D","05/30/2020","08:12:46","Solar","Renewables",62,"No"
"D","05/30/2020","08:12:46","Wind","Renewables",631,"No"
"D","05/30/2020","08:12:46","Wood","Renewables",230,"No"
"D","05/30/2020","08:18:01","Hydro","Hydro",732,"Yes"
"D","05/30/2020","08:18:01","Natural Gas","Natural Gas",6820,"Yes"
"D","05/30/2020","08:18:01","Nuclear","Nuclear",1225,"No"
"D","05/30/2020","08:18:01","Other","Other",21,"No"
"D","05/30/2020","08:18:01","Landfill Gas","Renewables",22,"No"
"D","05/30/2020","08:18:01","Refuse","Renewables",337,"No"
"D","05/30/2020","08:18:01","Solar","Renewables",64,"No"
"D","05/30/2020","08:18:01","Wind","Renewables",622,"No"
"D","05/30/2020","08:18:01","Wood","Renewables",225,"No"
"D","05/30/2020","08:20:12","Hydro","Hydro",731,"Yes"
"D","05/30/2020","08:20:12","Natural Gas","Natural Gas",6830,"Yes"
"D","05/30/2020","08:20:12","Nuclear","Nuclear",1227,"No"
"D","05/30/2020","08:20:12","Other","Other",7,"No"
"D","05/30/2020","08:20:12","Landfill Gas","Renewables",22,"No"
"D","05/30/2020","08:20:12","Refuse","Renewables",335,"No"
"D","05/30/2020","08:20:12","Solar","Renewables",62,"No"
"D","05/30/2020","08:20:12","Wind","Renewables",636,"No"
"D","05/30/2020","08:20:12","Wood","Renewables",225,"No"
"D","05/30/2020","08:30:27","Hydro","Hydro",937,"Yes"
"D","05/30/2020","08:30:27","Natural Gas","Natural Gas",6833,"Yes"
"D","05/30/2020","08:30:27","Nuclear","Nuclear",1227,"No"
"D","05/30/2020","08:30:27","Oil","Oil",11,"No"
"D","05/30/2020","08:30:27","Other","Other",8,"No"
"D","05/30/2020","08:30:27","Landfill Gas","Renewables",22,"No"
"D","05/30/2020","08:30:27","Refuse","Renewables",336,"No"
"D","05/30/2020","08:30:27","Solar","Renewables",77,"No"
"D","05/30/2020","08:30:27","Wind","Renewables",648,"No"
"D","05/30/2020","08:30:27","Wood","Renewables",225,"No"
"D","05/30/2020","08:38:12","Hydro","Hydro",944,"Yes"
"D","05/30/2020","08:38:12","Natural Gas","Natural Gas",6843,"Yes"
"D","05/30/2020","08:38:12","Nuclear","Nuclear",1227,"No"
"D","05/30/2020","08:38:12","Oil","Oil",11,"No"
"D","05/30/2020","08:38:12","Other","Other",9,"No"
"D","05/30/2020","08:38:12","Landfill Gas","Renewables",22,"No"
"D","05/30/2020","08:38:12","Refuse","Renewables",338,"No"
"D","05/30/2020","08:38:12","Solar","Renewables",89,"No"
"D","05/30/2020","08:38:12","Wind","Renewables",632,"No"
"D","05/30/2020","08:38:12","Wood","Renewables",227,"No"
"D","05/30/2020","08:45:29","Hydro","Hydro",867,"Yes"
"D","05/30/2020","08:45:29","Natural Gas","Natural Gas",6828,"Yes"
"D","05/30/2020","08:45:29","Nuclear","Nuclear",1227,"No"
"D","05/30/2020","08:45:29","Oil","Oil",11,"No"
"D","05/30/2020","08:45:29","Other","Other",7,"No"
"D","05/30/2020","08:45:29","Landfill Gas","Renewables",22,"No"
"D","05/30/2020","08:45:29","Refuse","Renewables",340,"No"
"D","05/30/2020","08:45:29","Solar","Renewables",113,"No"
"D","05/30/2020","08:45:29","Wind","Renewables",629,"No"
"D","05/30/2020","08:45:29","Wood","Renewables",225,"No"
"D","05/30/2020","08:51:42","Hydro","Hydro",867,"No"
"D","05/30/2020","08:51:42","Natural Gas","Natural Gas",6763,"Yes"
"D","05/30/2020","08:51:42","Nuclear","Nuclear",1227,"No"
"D","05/30/2020","08:51:42","Oil","Oil",11,"No"
"D","05/30/2020","08:51:42","Other","Other",8,"No"
"D","05/30/2020","08:51:42","Landfill Gas","Renewables",22,"No"
"D","05/30/2020","08:51:42","Refuse","Renewables",334,"No"
"D","05/30/2020","08:51:42","Solar","Renewables",110,"No"
"D","05/30/2020","08:51:42","Wind","Renewables",649,"No"
"D","05/30/2020","08:51:42","Wood","Renewables",227,"No"
"D","05/30/2020","08:56:20","Hydro","Hydro",827,"No"
"D","05/30/2020","08:56:20","Natural Gas","Natural Gas",6615,"Yes"
"D","05/30/2020","08:56:20","Nuclear","Nuclear",1227,"No"
"D","05/30/2020","08:56:20","Oil","Oil",11,"No"
"D","05/30/2020","08:56:20","Other","Other",19,"No"
"D","05/30/2020","08:56:20","Landfill Gas","Renewables",22,"No"
"D","05/30/2020","08:56:20","Refuse","Renewables",339,"No"
"D","05/30/2020","08:56:20","Solar","Renewables",115,"No"
"D","05/30/2020","08:56:20","Wind","Renewables",661,"No"
"D","05/30/2020","08:56:20","Wood","Renewables",227,"Yes"
"D","05/30/2020","08:59:12","Hydro","Hydro",824,"No"
"D","05/30/2020","08:59:12","Natural Gas","Natural Gas",6688,"Yes"
"D","05/30/2020","08:59:12","Nuclear","Nuclear",1229,"No"
"D","05/30/2020","08:59:12","Oil","Oil",11,"No"
"D","05/30/2020","08:59:12","Other","Other",5,"No"
"D","05/30/2020","08:59:12","Landfill Gas","Renewables",22,"No"
"D","05/30/2020","08:59:12","Refuse","Renewables",338,"No"
"D","05/30/2020","08:59:12","Solar","Renewables",124,"No"
"D","05/30/2020","08:59:12","Wind","Renewables",666,"No"
"D","05/30/2020","08:59:12","Wood","Renewables",229,"Yes"
"D","05/30/2020","09:01:12","Hydro","Hydro",826,"Yes"
"D","05/30/2020","09:01:12","Natural Gas","Natural Gas",6721,"Yes"
"D","05/30/2020","09:01:12","Nuclear","Nuclear",1227,"No"
"D","05/30/2020","09:01:12","Oil","Oil",11,"No"
"D","05/30/2020","09:01:12","Other","Other",4,"No"
"D","05/30/2020","09:01:12","Landfill Gas","Renewables",22,"No"
"D","05/30/2020","09:01:12","Refuse","Renewables",339,"No"
"D","05/30/2020","09:01:12","Solar","Renewables",121,"No"
"D","05/30/2020","09:01:12","Wind","Renewables",671,"No"
"D","05/30/2020","09:01:12","Wood","Renewables",230,"No"
"D","05/30/2020","09:06:34","Hydro","Hydro",824,"Yes"
"D","05/30/2020","09:06:34","Natural Gas","Natural Gas",6730,"Yes"
"D","05/30/2020","09:06:34","Nuclear","Nuclear",1227,"No"
"D","05/30/2020","09:06:34","Oil","Oil",11,"No"
"D","05/30/2020","09:06:34","Other","Other",4,"No"
"D","05/30/2020","09:06:34","Landfill Gas","Renewables",22,"No"
"D","05/30/2020","09:06:34","Refuse","Renewables",335,"No"
"D","05/30/2020","09:06:34","Solar","Renewables",118,"No"
"D","05/30/2020","09:06:34","Wind","Renewables",685,"No"
"D","05/30/2020","09:06:34","Wood","Renewables",227,"No"
"D","05/30/2020","09:14:02","Hydro","Hydro",822,"Yes"
"D","05/30/2020","09:14:02","Natural Gas","Natural Gas",6863,"Yes"
"D","05/30/2020","09:14:02","Nuclear","Nuclear",1229,"No"
"D","05/30/2020","09:14:02","Oil","Oil",11,"No"
"D","05/30/2020","09:14:02","Other","Other",4,"No"
"D","05/30/2020","09:14:02","Landfill Gas","Renewables",22,"No"
"D","05/30/2020","09:14:02","Refuse","Renewables",335,"No"
"D","05/30/2020","09:14:02","Solar","Renewables",126,"No"
"D","05/30/2020","09:14:02","Wind","Renewables",722,"No"
"D","05/30/2020","09:14:02","Wood","Renewables",226,"No"
"D","05/30/2020","09:23:29","Hydro","Hydro",836,"Yes"
"D","05/30/2020","09:23:29","Natural Gas","Natural Gas",6820,"Yes"
"D","05/30/2020","09:23:29","Nuclear","Nuclear",1227,"No"
"D","05/30/2020","09:23:29","Oil","Oil",26,"No"
"D","05/30/2020","09:23:29","Other","Other",9,"No"
"D","05/30/2020","09:23:29","Landfill Gas","Renewables",22,"No"
"D","05/30/2020","09:23:29","Refuse","Renewables",339,"No"
"D","05/30/2020","09:23:29","Solar","Renewables",119,"No"
"D","05/30/2020","09:23:29","Wind","Renewables",687,"No"
"D","05/30/2020","09:23:29","Wood","Renewables",225,"No"
"D","05/30/2020","09:32:32","Hydro","Hydro",831,"Yes"
"D","05/30/2020","09:32:32","Natural Gas","Natural Gas",6869,"Yes"
"D","05/30/2020","09:32:32","Nuclear","Nuclear",1227,"No"
"D","05/30/2020","09:32:32","Oil","Oil",5,"No"
"D","05/30/2020","09:32:32","Other","Other",6,"No"
"D","05/30/2020","09:32:32","Landfill Gas","Renewables",22,"No"
"D","05/30/2020","09:32:32","Refuse","Renewables",341,"No"
"D","05/30/2020","09:32:32","Solar","Renewables",161,"No"
"D","05/30/2020","09:32:32","Wind","Renewables",643,"No"
"D","05/30/2020","09:32:32","Wood","Renewables",226,"No"
"D","05/30/2020","09:36:54","Hydro","Hydro",837,"Yes"
"D","05/30/2020","09:36:54","Natural Gas","Natural Gas",6878,"Yes"
"D","05/30/2020","09:36:54","Nuclear","Nuclear",1227,"No"
"D","05/30/2020","09:36:54","Oil","Oil",5,"No"
"D","05/30/2020","09:36:54","Other","Other",8,"No"
"D","05/30/2020","09:36:54","Landfill Gas","Renewables",22,"No"
"D","05/30/2020","09:36:54","Refuse","Renewables",339,"No"
"D","05/30/2020","09:36:54","Solar","Renewables",175,"No"
"D","05/30/2020","09:36:54","Wind","Renewables",618,"No"
"D","05/30/2020","09:36:54","Wood","Renewables",228,"No"
"D","05/30/2020","09:52:26","Hydro","Hydro",873,"Yes"
"D","05/30/2020","09:52:26","Natural Gas","Natural Gas",6922,"Yes"
"D","05/30/2020","09:52:26","Nuclear","Nuclear",1227,"No"
"D","05/30/2020","09:52:26","Oil","Oil",13,"No"
"D","05/30/2020","09:52:26","Other","Other",5,"No"
"D","05/30/2020","09:52:26","Landfill Gas","Renewables",22,"No"
"D","05/30/2020","09:52:26","Refuse","Renewables",337,"No"
"D","05/30/2020","09:52:26","Solar","Renewables",153,"No"
"D","05/30/2020","09:52:26","Wind","Renewables",603,"No"
"D","05/30/2020","09:52:26","Wood","Renewables",226,"No"
"D","05/30/2020","10:07:20","Hydro","Hydro",897,"No"
"D","05/30/2020","10:07:20","Natural Gas","Natural Gas",6942,"Yes"
"D","05/30/2020","10:07:20","Nuclear","Nuclear",1225,"No"
"D","05/30/2020","10:07:20","Oil","Oil",24,"No"
"D","05/30/2020","10:07:20","Other","Other",5,"No"
"D","05/30/2020","10:07:20","Landfill Gas","Renewables",22,"No"
"D","05/30/2020","10:07:20","Refuse","Renewables",335,"No"
"D","05/30/2020","10:07:20","Solar","Renewables",190,"No"
"D","05/30/2020","10:07:20","Wind","Renewables",668,"No"
"D","05/30/2020","10:07:20","Wood","Renewables",240,"Yes"
"D","05/30/2020","10:13:23","Hydro","Hydro",722,"No"
"D","05/30/2020","10:13:23","Natural Gas","Natural Gas",6983,"No"
"D","05/30/2020","10:13:23","Nuclear","Nuclear",1227,"No"
"D","05/30/2020","10:13:23","Oil","Oil",24,"No"
"D","05/30/2020","10:13:23","Other","Other",6,"Yes"
"D","05/30/2020","10:13:23","Landfill Gas","Renewables",22,"No"
"D","05/30/2020","10:13:23","Refuse","Renewables",337,"No"
"D","05/30/2020","10:13:23","Solar","Renewables",188,"No"
"D","05/30/2020","10:13:23","Wind","Renewables",698,"No"
"D","05/30/2020","10:13:23","Wood","Renewables",241,"No"
"D","05/30/2020","10:27:04","Hydro","Hydro",718,"No"
"D","05/30/2020","10:27:04","Natural Gas","Natural Gas",7065,"Yes"
"D","05/30/2020","10:27:04","Nuclear","Nuclear",1227,"No"
"D","05/30/2020","10:27:04","Oil","Oil",24,"No"
"D","05/30/2020","10:27:04","Other","Other",6,"No"
"D","05/30/2020","10:27:04","Landfill Gas","Renewables",22,"No"
"D","05/30/2020","10:27:04","Refuse","Renewables",333,"No"
"D","05/30/2020","10:27:04","Solar","Renewables",169,"No"
"D","05/30/2020","10:27:04","Wind","Renewables",754,"No"
"D","05/30/2020","10:27:04","Wood","Renewables",246,"No"
"D","05/30/2020","10:37:09","Hydro","Hydro",718,"No"
"D","05/30/2020","10:37:09","Natural Gas","Natural Gas",7260,"Yes"
"D","05/30/2020","10:37:09","Nuclear","Nuclear",1227,"No"
"D","05/30/2020","10:37:09","Oil","Oil",19,"No"
"D","05/30/2020","10:37:09","Other","Other",7,"No"
"D","05/30/2020","10:37:09","Landfill Gas","Renewables",22,"No"
"D","05/30/2020","10:37:09","Refuse","Renewables",333,"No"
"D","05/30/2020","10:37:09","Solar","Renewables",153,"No"
"D","05/30/2020","10:37:09","Wind","Renewables",779,"No"
"D","05/30/2020","10:37:09","Wood","Renewables",247,"No"
"D","05/30/2020","10:41:57","Hydro","Hydro",720,"No"
"D","05/30/2020","10:41:57","Natural Gas","Natural Gas",7185,"Yes"
"D","05/30/2020","10:41:57","Nuclear","Nuclear",1227,"No"
"D","05/30/2020","10:41:57","Oil","Oil",19,"No"
"D","05/30/2020","10:41:57","Other","Other",24,"No"
"D","05/30/2020","10:41:57","Landfill Gas","Renewables",22,"No"
"D","05/30/2020","10:41:57","Refuse","Renewables",337,"No"
"D","05/30/2020","10:41:57","Solar","Renewables",197,"No"
"D","05/30/2020","10:41:57","Wind","Renewables",773,"No"
"D","05/30/2020","10:41:57","Wood","Renewables",248,"No"
"D","05/30/2020","10:52:41","Hydro","Hydro",716,"No"
"D","05/30/2020","10:52:41","Natural Gas","Natural Gas",7301,"Yes"
"D","05/30/2020","10:52:41","Nuclear","Nuclear",1227,"No"
"D","05/30/2020","10:52:41","Oil","Oil",19,"No"
"D","05/30/2020","10:52:41","Other","Other",5,"No"
"D","05/30/2020","10:52:41","Landfill Gas","Renewables",22,"No"
"D","05/30/2020","10:52:41","Refuse","Renewables",337,"No"
"D","05/30/2020","10:52:41","Solar","Renewables",185,"No"
"D","05/30/2020","10:52:41","Wind","Renewables",759,"No"
"D","05/30/2020","10:52:41","Wood","Renewables",248,"No"
"D","05/30/2020","11:07:42","Hydro","Hydro",718,"No"
"D","05/30/2020","11:07:42","Natural Gas","Natural Gas",7382,"Yes"
"D","05/30/2020","11:07:42","Nuclear","Nuclear",1227,"No"
"D","05/30/2020","11:07:42","Oil","Oil",11,"No"
"D","05/30/2020","11:07:42","Other","Other",4,"No"
"D","05/30/2020","11:07:42","Landfill Gas","Renewables",22,"No"
"D","05/30/2020","11:07:42","Refuse","Renewables",332,"No"
"D","05/30/2020","11:07:42","Solar","Renewables",177,"No"
"D","05/30/2020","11:07:42","Wind","Renewables",765,"No"
"D","05/30/2020","11:07:42","Wood","Renewables",252,"No"
"D","05/30/2020","11:16:53","Hydro","Hydro",717,"No"
"D","05/30/2020","11:16:53","Natural Gas","Natural Gas",7320,"Yes"
"D","05/30/2020","11:16:53","Nuclear","Nuclear",1227,"No"
"D","05/30/2020","11:16:53","Other","Other",4,"No"
"D","05/30/2020","11:16:53","Landfill Gas","Renewables",22,"No"
"D","05/30/2020","11:16:53","Refuse","Renewables",335,"No"
"D","05/30/2020","11:16:53","Solar","Renewables",189,"No"
"D","05/30/2020","11:16:53","Wind","Renewables",740,"No"
"D","05/30/2020","11:16:53","Wood","Renewables",256,"No"
"D","05/30/2020","11:21:44","Hydro","Hydro",721,"No"
"D","05/30/2020","11:21:44","Natural Gas","Natural Gas",7387,"Yes"
"D","05/30/2020","11:21:44","Nuclear","Nuclear",1227,"No"
"D","05/30/2020","11:21:44","Other","Other",4,"No"
"D","05/30/2020","11:21:44","Landfill Gas","Renewables",22,"No"
"D","05/30/2020","11:21:44","Refuse","Renewables",335,"No"
"D","05/30/2020","11:21:44","Solar","Renewables",180,"No"
"D","05/30/2020","11:21:44","Wind","Renewables",750,"Yes"
"D","05/30/2020","11:21:44","Wood","Renewables",263,"No"
"D","05/30/2020","11:24:21","Hydro","Hydro",719,"No"
"D","05/30/2020","11:24:21","Natural Gas","Natural Gas",7438,"Yes"
"D","05/30/2020","11:24:21","Nuclear","Nuclear",1229,"No"
"D","05/30/2020","11:24:21","Other","Other",4,"No"
"D","05/30/2020","11:24:21","Landfill Gas","Renewables",22,"No"
"D","05/30/2020","11:24:21","Refuse","Renewables",336,"No"
"D","05/30/2020","11:24:21","Solar","Renewables",172,"No"
"D","05/30/2020","11:24:21","Wind","Renewables",718,"No"
"D","05/30/2020","11:24:21","Wood","Renewables",263,"No"
"D","05/30/2020","11:29:50","Hydro","Hydro",720,"No"
"D","05/30/2020","11:29:50","Natural Gas","Natural Gas",7379,"Yes"
"D","05/30/2020","11:29:50","Nuclear","Nuclear",1227,"No"
"D","05/30/2020","11:29:50","Other","Other",6,"No"
"D","05/30/2020","11:29:50","Landfill Gas","Renewables",22,"No"
"D","05/30/2020","11:29:50","Refuse","Renewables",335,"No"
"D","05/30/2020","11:29:50","Solar","Renewables",191,"No"
"D","05/30/2020","11:29:50","Wind","Renewables",707,"No"
"D","05/30/2020","11:29:50","Wood","Renewables",262,"No"
"D","05/30/2020","11:36:14","Hydro","Hydro",719,"No"
"D","05/30/2020","11:36:14","Natural Gas","Natural Gas",7465,"Yes"
"D","05/30/2020","11:36:14","Nuclear","Nuclear",1227,"No"
"D","05/30/2020","11:36:14","Other","Other",4,"No"
"D","05/30/2020","11:36:14","Landfill Gas","Renewables",22,"No"
"D","05/30/2020","11:36:14","Refuse","Renewables",334,"No"
"D","05/30/2020","11:36:14","Solar","Renewables",188,"No"
"D","05/30/2020","11:36:14","Wind","Renewables",717,"No"
"D","05/30/2020","11:36:14","Wood","Renewables",266,"No"
"D","05/30/2020","11:44:59","Hydro","Hydro",733,"No"
"D","05/30/2020","11:44:59","Natural Gas","Natural Gas",7476,"Yes"
"D","05/30/2020","11:44:59","Nuclear","Nuclear",1227,"No"
"D","05/30/2020","11:44:59","Other","Other",4,"No"
"D","05/30/2020","11:44:59","Landfill Gas","Renewables",22,"No"
"D","05/30/2020","11:44:59","Refuse","Renewables",335,"No"
"D","05/30/2020","11:44:59","Solar","Renewables",190,"No"
"D","05/30/2020","11:44:59","Wind","Renewables",726,"Yes"
"D","05/30/2020","11:44:59","Wood","Renewables",270,"No"
"D","05/30/2020","11:58:53","Hydro","Hydro",778,"No"
"D","05/30/2020","11:58:53","Natural Gas","Natural Gas",7405,"Yes"
"D","05/30/2020","11:58:53","Nuclear","Nuclear",1227,"No"
"D","05/30/2020","11:58:53","Other","Other",5,"No"
"D","05/30/2020","11:58:53","Landfill Gas","Renewables",22,"No"
"D","05/30/2020","11:58:53","Refuse","Renewables",335,"No"
"D","05/30/2020","11:58:53","Solar","Renewables",195,"No"
"D","05/30/2020","11:58:53","Wind","Renewables",687,"Yes"
"D","05/30/2020","11:58:53","Wood","Renewables",276,"No"
"D","05/30/2020","12:03:53","Hydro","Hydro",792,"No"
"D","05/30/2020","12:03:53","Natural Gas","Natural Gas",7194,"Yes"
"D","05/30/2020","12:03:53","Nuclear","Nuclear",1224,"No"
"D","05/30/2020","12:03:53","Other","Other",21,"No"
"D","05/30/2020","12:03:53","Landfill Gas","Renewables",22,"No"
"D","05/30/2020","12:03:53","Refuse","Renewables",334,"No"
"D","05/30/2020","12:03:53","Solar","Renewables",195,"No"
"D","05/30/2020","12:03:53","Wind","Renewables",689,"No"
"D","05/30/2020","12:03:53","Wood","Renewables",274,"No"
"D","05/30/2020","12:10:18","Hydro","Hydro",806,"No"
"D","05/30/2020","12:10:18","Natural Gas","Natural Gas",7191,"Yes"
"D","05/30/2020","12:10:18","Nuclear","Nuclear",1225,"No"
"D","05/30/2020","12:10:18","Other","Other",5,"No"
"D","05/30/2020","12:10:18","Landfill Gas","Renewables",22,"No"
"D","05/30/2020","12:10:18","Refuse","Renewables",333,"No"
"D","05/30/2020","12:10:18","Solar","Renewables",206,"No"
"D","05/30/2020","12:10:18","Wind","Renewables",674,"No"
"D","05/30/2020","12:10:18","Wood","Renewables",278,"No"
"D","05/30/2020","12:11:34","Hydro","Hydro",805,"No"
"D","05/30/2020","12:11:34","Natural Gas","Natural Gas",7171,"Yes"
"D","05/30/2020","12:11:34","Nuclear","Nuclear",1225,"No"
"D","05/30/2020","12:11:34","Other","Other",5,"No"
"D","05/30/2020","12:11:34","Landfill Gas","Renewables",22,"No"
"D","05/30/2020","12:11:34","Refuse","Renewables",334,"No"
"D","05/30/2020","12:11:34","Solar","Renewables",203,"No"
"D","05/30/2020","12:11:34","Wind","Renewables",656,"No"
"D","05/30/2020","12:11:34","Wood","Renewables",277,"No"
"D","05/30/2020","12:23:26","Hydro","Hydro",806,"No"
"D","05/30/2020","12:23:26","Natural Gas","Natural Gas",7064,"Yes"
"D","05/30/2020","12:23:26","Nuclear","Nuclear",1227,"No"
"D","05/30/2020","12:23:26","Other","Other",5,"No"
"D","05/30/2020","12:23:26","Landfill Gas","Renewables",22,"No"
"D","05/30/2020","12:23:26","Refuse","Renewables",335,"No"
"D","05/30/2020","12:23:26","Solar","Renewables",197,"No"
"D","05/30/2020","12:23:26","Wind","Renewables",680,"No"
"D","05/30/2020","12:23:26","Wood","Renewables",283,"No"
"D","05/30/2020","12:37:49","Hydro","Hydro",814,"No"
"D","05/30/2020","12:37:49","Natural Gas","Natural Gas",6986,"Yes"
"D","05/30/2020","12:37:49","Nuclear","Nuclear",1225,"No"
"D","05/30/2020","12:37:49","Other","Other",6,"No"
"D","05/30/2020","12:37:49","Landfill Gas","Renewables",22,"No"
"D","05/30/2020","12:37:49","Refuse","Renewables",336,"No"
"D","05/30/2020","12:37:49","Solar","Renewables",197,"No"
"D","05/30/2020","12:37:49","Wind","Renewables",678,"No"
"D","05/30/2020","12:37:49","Wood","Renewables",285,"No"
"D","05/30/2020","12:55:04","Hydro","Hydro",769,"No"
"D","05/30/2020","12:55:04","Natural Gas","Natural Gas",6977,"Yes"
"D","05/30/2020","12:55:04","Nuclear","Nuclear",1227,"No"
"D","05/30/2020","12:55:04","Other","Other",5,"No"
"D","05/30/2020","12:55:04","Landfill Gas","Renewables",22,"No"
"D","05/30/2020","12:55:04","Refuse","Renewables",338,"No"
"D","05/30/2020","12:55:04","Solar","Renewables",200,"No"
"D","05/30/2020","12:55:04","Wind","Renewables",659,"No"
"D","05/30/2020","12:55:04","Wood","Renewables",290,"No"
"D","05/30/2020","13:02:33","Hydro","Hydro",843,"No"
"D","05/30/2020","13:02:33","Natural Gas","Natural Gas",6609,"Yes"
"D","05/30/2020","13:02:33","Nuclear","Nuclear",1225,"No"
"D","05/30/2020","13:02:33","Other","Other",6,"No"
"D","05/30/2020","13:02:33","Landfill Gas","Renewables",22,"No"
"D","05/30/2020","13:02:33","Refuse","Renewables",338,"No"
"D","05/30/2020","13:02:33","Solar","Renewables",205,"No"
"D","05/30/2020","13:02:33","Wind","Renewables",642,"No"
"D","05/30/2020","13:02:33","Wood","Renewables",292,"No"
"D","05/30/2020","13:10:08","Hydro","Hydro",800,"No"
"D","05/30/2020","13:10:08","Natural Gas","Natural Gas",6419,"Yes"
"D","05/30/2020","13:10:08","Nuclear","Nuclear",1227,"No"
"D","05/30/2020","13:10:08","Other","Other",9,"No"
"D","05/30/2020","13:10:08","Landfill Gas","Renewables",22,"No"
"D","05/30/2020","13:10:08","Refuse","Renewables",334,"No"
"D","05/30/2020","13:10:08","Solar","Renewables",180,"No"
"D","05/30/2020","13:10:08","Wind","Renewables",657,"No"
"D","05/30/2020","13:10:08","Wood","Renewables",290,"No"
"D","05/30/2020","13:17:01","Hydro","Hydro",796,"No"
"D","05/30/2020","13:17:01","Natural Gas","Natural Gas",6563,"Yes"
"D","05/30/2020","13:17:01","Nuclear","Nuclear",1227,"No"
"D","05/30/2020","13:17:01","Landfill Gas","Renewables",22,"No"
"D","05/30/2020","13:17:01","Refuse","Renewables",335,"No"
"D","05/30/2020","13:17:01","Solar","Renewables",190,"No"
"D","05/30/2020","13:17:01","Wind","Renewables",640,"No"
"D","05/30/2020","13:17:01","Wood","Renewables",293,"No"
"D","05/30/2020","13:22:13","Hydro","Hydro",800,"No"
"D","05/30/2020","13:22:13","Natural Gas","Natural Gas",6458,"Yes"
"D","05/30/2020","13:22:13","Nuclear","Nuclear",1227,"No"
"D","05/30/2020","13:22:13","Other","Other",17,"No"
"D","05/30/2020","13:22:13","Landfill Gas","Renewables",22,"No"
"D","05/30/2020","13:22:13","Refuse","Renewables",333,"No"
"D","05/30/2020","13:22:13","Solar","Renewables",200,"No"
"D","05/30/2020","13:22:13","Wind","Renewables",635,"No"
"D","05/30/2020","13:22:13","Wood","Renewables",292,"No"
"D","05/30/2020","13:24:32","Hydro","Hydro",797,"No"
"D","05/30/2020","13:24:32","Natural Gas","Natural Gas",6453,"No"
"D","05/30/2020","13:24:32","Nuclear","Nuclear",1229,"No"
"D","05/30/2020","13:24:32","Other","Other",3,"No"
"D","05/30/2020","13:24:32","Landfill Gas","Renewables",22,"No"
"D","05/30/2020","13:24:32","Refuse","Renewables",332,"No"
"D","05/30/2020","13:24:32","Solar","Renewables",199,"No"
"D","05/30/2020","13:24:32","Wind","Renewables",607,"No"
"D","05/30/2020","13:24:32","Wood","Renewables",292,"Yes"
"D","05/30/2020","13:30:32","Hydro","Hydro",812,"No"
"D","05/30/2020","13:30:32","Natural Gas","Natural Gas",6289,"Yes"
"D","05/30/2020","13:30:32","Nuclear","Nuclear",1227,"No"
"D","05/30/2020","13:30:32","Other","Other",16,"No"
"D","05/30/2020","13:30:32","Landfill Gas","Renewables",22,"No"
"D","05/30/2020","13:30:32","Refuse","Renewables",332,"No"
"D","05/30/2020","13:30:32","Solar","Renewables",191,"No"
"D","05/30/2020","13:30:32","Wind","Renewables",606,"Yes"
"D","05/30/2020","13:30:32","Wood","Renewables",294,"No"
"D","05/30/2020","13:36:37","Hydro","Hydro",811,"No"
"D","05/30/2020","13:36:37","Natural Gas","Natural Gas",6290,"Yes"
"D","05/30/2020","13:36:37","Nuclear","Nuclear",1227,"No"
"D","05/30/2020","13:36:37","Other","Other",15,"No"
"D","05/30/2020","13:36:37","Landfill Gas","Renewables",22,"No"
"D","05/30/2020","13:36:37","Refuse","Renewables",331,"No"
"D","05/30/2020","13:36:37","Solar","Renewables",179,"No"
"D","05/30/2020","13:36:37","Wind","Renewables",614,"Yes"
"D","05/30/2020","13:36:37","Wood","Renewables",292,"No"
"D","05/30/2020","13:43:36","Hydro","Hydro",807,"No"
"D","05/30/2020","13:43:36","Natural Gas","Natural Gas",6279,"Yes"
"D","05/30/2020","13:43:36","Nuclear","Nuclear",1227,"No"
"D","05/30/2020","13:43:36","Other","Other",0,"No"
"D","05/30/2020","13:43:36","Landfill Gas","Renewables",22,"No"
"D","05/30/2020","13:43:36","Refuse","Renewables",329,"No"
"D","05/30/2020","13:43:36","Solar","Renewables",195,"No"
"D","05/30/2020","13:43:36","Wind","Renewables",608,"Yes"
"D","05/30/2020","13:43:36","Wood","Renewables",294,"No"
"D","05/30/2020","13:54:27","Hydro","Hydro",810,"No"
"D","05/30/2020","13:54:27","Natural Gas","Natural Gas",6288,"Yes"
"D","05/30/2020","13:54:27","Nuclear","Nuclear",1227,"No"
"D","05/30/2020","13:54:27","Landfill Gas","Renewables",22,"No"
"D","05/30/2020","13:54:27","Refuse","Renewables",333,"No"
"D","05/30/2020","13:54:27","Solar","Renewables",206,"No"
"D","05/30/2020","13:54:27","Wind","Renewables",628,"Yes"
"D","05/30/2020","13:54:27","Wood","Renewables",293,"No"
"D","05/30/2020","14:09:59","Hydro","Hydro",817,"No"
"D","05/30/2020","14:09:59","Natural Gas","Natural Gas",6691,"Yes"
"D","05/30/2020","14:09:59","Nuclear","Nuclear",1229,"No"
"D","05/30/2020","14:09:59","Landfill Gas","Renewables",22,"No"
"D","05/30/2020","14:09:59","Refuse","Renewables",332,"No"
"D","05/30/2020","14:09:59","Solar","Renewables",196,"No"
"D","05/30/2020","14:09:59","Wind","Renewables",615,"Yes"
"D","05/30/2020","14:09:59","Wood","Renewables",293,"No"
"D","05/30/2020","14:14:18","Hydro","Hydro",819,"No"
"D","05/30/2020","14:14:18","Natural Gas","Natural Gas",6686,"Yes"
"D","05/30/2020","14:14:18","Nuclear","Nuclear",1227,"No"
"D","05/30/2020","14:14:18","Other","Other",1,"No"
"D","05/30/2020","14:14:18","Landfill Gas","Renewables",22,"No"
"D","05/30/2020","14:14:18","Refuse","Renewables",332,"No"
"D","05/30/2020","14:14:18","Solar","Renewables",203,"No"
"D","05/30/2020","14:14:18","Wind","Renewables",612,"Yes"
"D","05/30/2020","14:14:18","Wood","Renewables",292,"No"
"D","05/30/2020","14:20:28","Hydro","Hydro",819,"No"
"D","05/30/2020","14:20:28","Natural Gas","Natural Gas",6664,"Yes"
"D","05/30/2020","14:20:28","Nuclear","Nuclear",1227,"No"
"D","05/30/2020","14:20:28","Other","Other",7,"No"
"D","05/30/2020","14:20:28","Landfill Gas","Renewables",22,"No"
"D","05/30/2020","14:20:28","Refuse","Renewables",332,"No"
"D","05/30/2020","14:20:28","Solar","Renewables",202,"No"
"D","05/30/2020","14:20:28","Wind","Renewables",564,"Yes"
"D","05/30/2020","14:20:28","Wood","Renewables",292,"No"
"D","05/30/2020","14:27:12","Hydro","Hydro",819,"No"
"D","05/30/2020","14:27:12","Natural Gas","Natural Gas",6569,"Yes"
"D","05/30/2020","14:27:12","Nuclear","Nuclear",1227,"No"
"D","05/30/2020","14:27:12","Landfill Gas","Renewables",22,"No"
"D","05/30/2020","14:27:12","Refuse","Renewables",331,"No"
"D","05/30/2020","14:27:12","Solar","Renewables",200,"No"
"D","05/30/2020","14:27:12","Wind","Renewables",592,"Yes"
"D","05/30/2020","14:27:12","Wood","Renewables",293,"No"
"D","05/30/2020","14:37:03","Hydro","Hydro",818,"No"
"D","05/30/2020","14:37:03","Natural Gas","Natural Gas",6697,"Yes"
"D","05/30/2020","14:37:03","Nuclear","Nuclear",1227,"No"
"D","05/30/2020","14:37:03","Landfill Gas","Renewables",22,"No"
"D","05/30/2020","14:37:03","Refuse","Renewables",333,"No"
"D","05/30/2020","14:37:03","Solar","Renewables",200,"No"
"D","05/30/2020","14:37:03","Wind","Renewables",576,"Yes"
"D","05/30/2020","14:37:03","Wood","Renewables",291,"No"
"D","05/30/2020","14:43:50","Hydro","Hydro",819,"No"
"D","05/30/2020","14:43:50","Natural Gas","Natural Gas",6650,"Yes"
"D","05/30/2020","14:43:50","Nuclear","Nuclear",1227,"No"
"D","05/30/2020","14:43:50","Other","Other",9,"No"
"D","05/30/2020","14:43:50","Landfill Gas","Renewables",22,"No"
"D","05/30/2020","14:43:50","Refuse","Renewables",332,"No"
"D","05/30/2020","14:43:50","Solar","Renewables",201,"No"
"D","05/30/2020","14:43:50","Wind","Renewables",564,"Yes"
"D","05/30/2020","14:43:50","Wood","Renewables",292,"No"
"D","05/30/2020","14:52:29","Hydro","Hydro",820,"No"
"D","05/30/2020","14:52:29","Natural Gas","Natural Gas",6837,"Yes"
"D","05/30/2020","14:52:29","Nuclear","Nuclear",1227,"No"
"D","05/30/2020","14:52:29","Landfill Gas","Renewables",23,"No"
"D","05/30/2020","14:52:29","Refuse","Renewables",333,"No"
"D","05/30/2020","14:52:29","Solar","Renewables",202,"No"
"D","05/30/2020","14:52:29","Wind","Renewables",562,"Yes"
"D","05/30/2020","14:52:29","Wood","Renewables",291,"No"
"D","05/30/2020","14:59:47","Hydro","Hydro",817,"No"
"D","05/30/2020","14:59:47","Natural Gas","Natural Gas",6883,"Yes"
"D","05/30/2020","14:59:47","Nuclear","Nuclear",1227,"No"
"D","05/30/2020","14:59:47","Landfill Gas","Renewables",24,"No"
"D","05/30/2020","14:59:47","Refuse","Renewables",332,"No"
"D","05/30/2020","14:59:47","Solar","Renewables",195,"No"
"D","05/30/2020","14:59:47","Wind","Renewables",573,"Yes"
"D","05/30/2020","14:59:47","Wood","Renewables",291,"No"
"D","05/30/2020","15:03:57","Hydro","Hydro",817,"No"
"D","05/30/2020","15:03:57","Natural Gas","Natural Gas",6883,"Yes"
"D","05/30/2020","15:03:57","Nuclear","Nuclear",1227,"No"
"D","05/30/2020","15:03:57","Landfill Gas","Renewables",24,"No"
"D","05/30/2020","15:03:57","Refuse","Renewables",332,"No"
"D","05/30/2020","15:03:57","Solar","Renewables",195,"No"
"D","05/30/2020","15:03:57","Wind","Renewables",573,"Yes"
"D","05/30/2020","15:03:57","Wood","Renewables",291,"No"
"D","05/30/2020","15:05:48","Hydro","Hydro",818,"No"
"D","05/30/2020","15:05:48","Natural Gas","Natural Gas",6826,"Yes"
"D","05/30/2020","15:05:48","Nuclear","Nuclear",1227,"No"
"D","05/30/2020","15:05:48","Landfill Gas","Renewables",26,"No"
"D","05/30/2020","15:05:48","Refuse","Renewables",333,"No"
"D","05/30/2020","15:05:48","Solar","Renewables",204,"No"
"D","05/30/2020","15:05:48","Wind","Renewables",546,"Yes"
"D","05/30/2020","15:05:48","Wood","Renewables",291,"No"
"D","05/30/2020","15:10:31","Hydro","Hydro",825,"No"
"D","05/30/2020","15:10:31","Natural Gas","Natural Gas",6758,"Yes"
"D","05/30/2020","15:10:31","Nuclear","Nuclear",1227,"No"
"D","05/30/2020","15:10:31","Other","Other",4,"No"
"D","05/30/2020","15:10:31","Landfill Gas","Renewables",27,"No"
"D","05/30/2020","15:10:31","Refuse","Renewables",336,"No"
"D","05/30/2020","15:10:31","Solar","Renewables",201,"No"
"D","05/30/2020","15:10:31","Wind","Renewables",520,"Yes"
"D","05/30/2020","15:10:31","Wood","Renewables",290,"No"
"D","05/30/2020","15:22:20","Hydro","Hydro",829,"No"
"D","05/30/2020","15:22:20","Natural Gas","Natural Gas",6754,"Yes"
"D","05/30/2020","15:22:20","Nuclear","Nuclear",1227,"No"
"D","05/30/2020","15:22:20","Landfill Gas","Renewables",28,"No"
"D","05/30/2020","15:22:20","Refuse","Renewables",338,"No"
"D","05/30/2020","15:22:20","Solar","Renewables",198,"No"
"D","05/30/2020","15:22:20","Wind","Renewables",532,"Yes"
"D","05/30/2020","15:22:20","Wood","Renewables",291,"No"
"D","05/30/2020","15:28:48","Hydro","Hydro",830,"No"
"D","05/30/2020","15:28:48","Natural Gas","Natural Gas",6829,"Yes"
"D","05/30/2020","15:28:48","Nuclear","Nuclear",1227,"No"
"D","05/30/2020","15:28:48","Landfill Gas","Renewables",29,"No"
"D","05/30/2020","15:28:48","Refuse","Renewables",339,"No"
"D","05/30/2020","15:28:48","Solar","Renewables",194,"No"
"D","05/30/2020","15:28:48","Wind","Renewables",524,"Yes"
"D","05/30/2020","15:28:48","Wood","Renewables",292,"No"
"D","05/30/2020","15:37:47","Hydro","Hydro",833,"No"
"D","05/30/2020","15:37:47","Natural Gas","Natural Gas",6866,"Yes"
"D","05/30/2020","15:37:47","Nuclear","Nuclear",1227,"No"
"D","05/30/2020","15:37:47","Other","Other",5,"No"
"D","05/30/2020","15:37:47","Landfill Gas","Renewables",29,"No"
"D","05/30/2020","15:37:47","Refuse","Renewables",338,"No"
"D","05/30/2020","15:37:47","Solar","Renewables",191,"No"
"D","05/30/2020","15:37:47","Wind","Renewables",494,"Yes"
"D","05/30/2020","15:37:47","Wood","Renewables",293,"No"
"D","05/30/2020","15:40:13","Hydro","Hydro",833,"No"
"D","05/30/2020","15:40:13","Natural Gas","Natural Gas",6866,"Yes"
"D","05/30/2020","15:40:13","Nuclear","Nuclear",1227,"No"
"D","05/30/2020","15:40:13","Other","Other",5,"No"
"D","05/30/2020","15:40:13","Landfill Gas","Renewables",29,"No"
"D","05/30/2020","15:40:13","Refuse","Renewables",338,"No"
"D","05/30/2020","15:40:13","Solar","Renewables",191,"No"
"D","05/30/2020","15:40:13","Wind","Renewables",494,"Yes"
"D","05/30/2020","15:40:13","Wood","Renewables",293,"No"
"D","05/30/2020","15:51:48","Hydro","Hydro",837,"No"
"D","05/30/2020","15:51:48","Natural Gas","Natural Gas",7023,"Yes"
"D","05/30/2020","15:51:48","Nuclear","Nuclear",1227,"No"
"D","05/30/2020","15:51:48","Other","Other",0,"No"
"D","05/30/2020","15:51:48","Landfill Gas","Renewables",29,"No"
"D","05/30/2020","15:51:48","Refuse","Renewables",334,"No"
"D","05/30/2020","15:51:48","Solar","Renewables",182,"No"
"D","05/30/2020","15:51:48","Wind","Renewables",469,"No"
"D","05/30/2020","15:51:48","Wood","Renewables",292,"No"
"D","05/30/2020","15:57:21","Hydro","Hydro",919,"No"
"D","05/30/2020","15:57:21","Natural Gas","Natural Gas",7188,"Yes"
"D","05/30/2020","15:57:21","Nuclear","Nuclear",1227,"No"
"D","05/30/2020","15:57:21","Landfill Gas","Renewables",29,"No"
"D","05/30/2020","15:57:21","Refuse","Renewables",336,"No"
"D","05/30/2020","15:57:21","Solar","Renewables",178,"No"
"D","05/30/2020","15:57:21","Wind","Renewables",473,"No"
"D","05/30/2020","15:57:21","Wood","Renewables",294,"No"
"D","05/30/2020","16:07:34","Hydro","Hydro",959,"No"
"D","05/30/2020","16:07:34","Natural Gas","Natural Gas",7230,"Yes"
"D","05/30/2020","16:07:34","Nuclear","Nuclear",1227,"No"
"D","05/30/2020","16:07:34","Other","Other",15,"No"
"D","05/30/2020","16:07:34","Landfill Gas","Renewables",29,"No"
"D","05/30/2020","16:07:34","Refuse","Renewables",336,"No"
"D","05/30/2020","16:07:34","Solar","Renewables",161,"No"
"D","05/30/2020","16:07:34","Wind","Renewables",421,"No"
"D","05/30/2020","16:07:34","Wood","Renewables",291,"No"
"D","05/30/2020","16:14:05","Hydro","Hydro",960,"No"
"D","05/30/2020","16:14:05","Natural Gas","Natural Gas",7383,"Yes"
"D","05/30/2020","16:14:05","Nuclear","Nuclear",1227,"No"
"D","05/30/2020","16:14:05","Landfill Gas","Renewables",29,"No"
"D","05/30/2020","16:14:05","Refuse","Renewables",336,"No"
"D","05/30/2020","16:14:05","Solar","Renewables",162,"No"
"D","05/30/2020","16:14:05","Wind","Renewables",435,"No"
"D","05/30/2020","16:14:05","Wood","Renewables",291,"No"
"D","05/30/2020","16:21:25","Hydro","Hydro",958,"No"
"D","05/30/2020","16:21:25","Natural Gas","Natural Gas",7389,"Yes"
"D","05/30/2020","16:21:25","Nuclear","Nuclear",1227,"No"
"D","05/30/2020","16:21:25","Other","Other",1,"No"
"D","05/30/2020","16:21:25","Landfill Gas","Renewables",29,"No"
"D","05/30/2020","16:21:25","Refuse","Renewables",337,"No"
"D","05/30/2020","16:21:25","Solar","Renewables",164,"No"
"D","05/30/2020","16:21:25","Wind","Renewables",432,"No"
"D","05/30/2020","16:21:25","Wood","Renewables",292,"No"
"D","05/30/2020","16:28:46","Hydro","Hydro",961,"No"
"D","05/30/2020","16:28:46","Natural Gas","Natural Gas",7524,"Yes"
"D","05/30/2020","16:28:46","Nuclear","Nuclear",1225,"No"
"D","05/30/2020","16:28:46","Landfill Gas","Renewables",29,"No"
"D","05/30/2020","16:28:46","Refuse","Renewables",338,"No"
"D","05/30/2020","16:28:46","Solar","Renewables",156,"No"
"D","05/30/2020","16:28:46","Wind","Renewables",408,"No"
"D","05/30/2020","16:28:46","Wood","Renewables",292,"No"
"D","05/30/2020","16:38:04","Hydro","Hydro",961,"No"
"D","05/30/2020","16:38:04","Natural Gas","Natural Gas",7672,"Yes"
"D","05/30/2020","16:38:04","Nuclear","Nuclear",1227,"No"
"D","05/30/2020","16:38:04","Landfill Gas","Renewables",29,"No"
"D","05/30/2020","16:38:04","Refuse","Renewables",338,"No"
"D","05/30/2020","16:38:04","Solar","Renewables",150,"No"
"D","05/30/2020","16:38:04","Wind","Renewables",422,"No"
"D","05/30/2020","16:38:04","Wood","Renewables",292,"No"
"D","05/30/2020","16:46:21","Hydro","Hydro",956,"No"
"D","05/30/2020","16:46:21","Natural Gas","Natural Gas",7819,"Yes"
"D","05/30/2020","16:46:21","Nuclear","Nuclear",1227,"No"
"D","05/30/2020","16:46:21","Landfill Gas","Renewables",29,"No"
"D","05/30/2020","16:46:21","Refuse","Renewables",337,"No"
"D","05/30/2020","16:46:21","Solar","Renewables",135,"No"
"D","05/30/2020","16:46:21","Wind","Renewables",412,"No"
"D","05/30/2020","16:46:21","Wood","Renewables",290,"No"
"D","05/30/2020","16:52:13","Hydro","Hydro",966,"No"
"D","05/30/2020","16:52:13","Natural Gas","Natural Gas",7938,"Yes"
"D","05/30/2020","16:52:13","Nuclear","Nuclear",1227,"No"
"D","05/30/2020","16:52:13","Other","Other",2,"No"
"D","05/30/2020","16:52:13","Landfill Gas","Renewables",29,"No"
"D","05/30/2020","16:52:13","Refuse","Renewables",339,"No"
"D","05/30/2020","16:52:13","Solar","Renewables",137,"No"
"D","05/30/2020","16:52:13","Wind","Renewables",372,"No"
"D","05/30/2020","16:52:13","Wood","Renewables",290,"No"
"D","05/30/2020","17:06:59","Hydro","Hydro",983,"No"
"D","05/30/2020","17:06:59","Natural Gas","Natural Gas",8090,"Yes"
"D","05/30/2020","17:06:59","Nuclear","Nuclear",1227,"No"
"D","05/30/2020","17:06:59","Other","Other",6,"No"
"D","05/30/2020","17:06:59","Landfill Gas","Renewables",29,"No"
"D","05/30/2020","17:06:59","Refuse","Renewables",339,"No"
"D","05/30/2020","17:06:59","Solar","Renewables",119,"No"
"D","05/30/2020","17:06:59","Wind","Renewables",357,"No"
"D","05/30/2020","17:06:59","Wood","Renewables",290,"No"
"D","05/30/2020","17:17:58","Hydro","Hydro",1020,"No"
"D","05/30/2020","17:17:58","Natural Gas","Natural Gas",8409,"Yes"
"D","05/30/2020","17:17:58","Nuclear","Nuclear",1227,"No"
"D","05/30/2020","17:17:58","Other","Other",4,"No"
"D","05/30/2020","17:17:58","Landfill Gas","Renewables",29,"No"
"D","05/30/2020","17:17:58","Refuse","Renewables",340,"No"
"D","05/30/2020","17:17:58","Solar","Renewables",103,"No"
"D","05/30/2020","17:17:58","Wind","Renewables",357,"No"
"D","05/30/2020","17:17:58","Wood","Renewables",290,"No"
"D","05/30/2020","17:22:19","Hydro","Hydro",1020,"No"
"D","05/30/2020","17:22:19","Natural Gas","Natural Gas",8499,"Yes"
"D","05/30/2020","17:22:19","Nuclear","Nuclear",1227,"No"
"D","05/30/2020","17:22:19","Other","Other",6,"No"
"D","05/30/2020","17:22:19","Landfill Gas","Renewables",29,"No"
"D","05/30/2020","17:22:19","Refuse","Renewables",342,"No"
"D","05/30/2020","17:22:19","Solar","Renewables",99,"No"
"D","05/30/2020","17:22:19","Wind","Renewables",329,"No"
"D","05/30/2020","17:22:19","Wood","Renewables",292,"No"
"D","05/30/2020","17:30:08","Hydro","Hydro",1022,"No"
"D","05/30/2020","17:30:08","Natural Gas","Natural Gas",8615,"Yes"
"D","05/30/2020","17:30:08","Nuclear","Nuclear",1227,"No"
"D","05/30/2020","17:30:08","Other","Other",13,"No"
"D","05/30/2020","17:30:08","Landfill Gas","Renewables",29,"No"
"D","05/30/2020","17:30:08","Refuse","Renewables",342,"No"
"D","05/30/2020","17:30:08","Solar","Renewables",89,"No"
"D","05/30/2020","17:30:08","Wind","Renewables",316,"No"
"D","05/30/2020","17:30:08","Wood","Renewables",293,"No"
"D","05/30/2020","17:36:39","Hydro","Hydro",1022,"No"
"D","05/30/2020","17:36:39","Natural Gas","Natural Gas",8647,"Yes"
"D","05/30/2020","17:36:39","Nuclear","Nuclear",1225,"No"
"D","05/30/2020","17:36:39","Other","Other",12,"No"
"D","05/30/2020","17:36:39","Landfill Gas","Renewables",28,"No"
"D","05/30/2020","17:36:39","Refuse","Renewables",338,"No"
"D","05/30/2020","17:36:39","Solar","Renewables",88,"No"
"D","05/30/2020","17:36:39","Wind","Renewables",335,"No"
"D","05/30/2020","17:36:39","Wood","Renewables",294,"No"
"D","05/30/2020","17:45:18","Hydro","Hydro",1022,"No"
"D","05/30/2020","17:45:18","Natural Gas","Natural Gas",8848,"Yes"
"D","05/30/2020","17:45:18","Nuclear","Nuclear",1225,"No"
"D","05/30/2020","17:45:18","Other","Other",6,"No"
"D","05/30/2020","17:45:18","Landfill Gas","Renewables",28,"No"
"D","05/30/2020","17:45:18","Refuse","Renewables",340,"No"
"D","05/30/2020","17:45:18","Solar","Renewables",69,"No"
"D","05/30/2020","17:45:18","Wind","Renewables",321,"No"
"D","05/30/2020","17:45:18","Wood","Renewables",293,"No"
"D","05/30/2020","17:53:27","Hydro","Hydro",1025,"No"
"D","05/30/2020","17:53:27","Natural Gas","Natural Gas",8867,"Yes"
"D","05/30/2020","17:53:27","Nuclear","Nuclear",1225,"No"
"D","05/30/2020","17:53:27","Other","Other",18,"No"
"D","05/30/2020","17:53:27","Landfill Gas","Renewables",29,"No"
"D","05/30/2020","17:53:27","Refuse","Renewables",336,"No"
"D","05/30/2020","17:53:27","Solar","Renewables",63,"No"
"D","05/30/2020","17:53:27","Wind","Renewables",269,"No"
"D","05/30/2020","17:53:27","Wood","Renewables",292,"No"
"D","05/30/2020","18:01:47","Hydro","Hydro",1048,"No"
"D","05/30/2020","18:01:47","Natural Gas","Natural Gas",9089,"Yes"
"D","05/30/2020","18:01:47","Nuclear","Nuclear",1225,"No"
"D","05/30/2020","18:01:47","Other","Other",6,"No"
"D","05/30/2020","18:01:47","Landfill Gas","Renewables",29,"No"
"D","05/30/2020","18:01:47","Refuse","Renewables",338,"No"
"D","05/30/2020","18:01:47","Solar","Renewables",60,"No"
"D","05/30/2020","18:01:47","Wind","Renewables",277,"No"
"D","05/30/2020","18:01:47","Wood","Renewables",293,"No"
"D","05/30/2020","18:08:24","Hydro","Hydro",1047,"No"
"D","05/30/2020","18:08:24","Natural Gas","Natural Gas",9121,"Yes"
"D","05/30/2020","18:08:24","Nuclear","Nuclear",1227,"No"
"D","05/30/2020","18:08:24","Other","Other",6,"No"
"D","05/30/2020","18:08:24","Landfill Gas","Renewables",29,"No"
"D","05/30/2020","18:08:24","Refuse","Renewables",338,"No"
"D","05/30/2020","18:08:24","Solar","Renewables",53,"No"
"D","05/30/2020","18:08:24","Wind","Renewables",270,"No"
"D","05/30/2020","18:08:24","Wood","Renewables",291,"No"
"D","05/30/2020","18:12:55","Hydro","Hydro",1092,"No"
"D","05/30/2020","18:12:55","Natural Gas","Natural Gas",9191,"Yes"
"D","05/30/2020","18:12:55","Nuclear","Nuclear",1227,"No"
"D","05/30/2020","18:12:55","Other","Other",7,"No"
"D","05/30/2020","18:12:55","Landfill Gas","Renewables",29,"No"
"D","05/30/2020","18:12:55","Refuse","Renewables",334,"No"
"D","05/30/2020","18:12:55","Solar","Renewables",46,"No"
"D","05/30/2020","18:12:55","Wind","Renewables",263,"No"
"D","05/30/2020","18:12:55","Wood","Renewables",292,"No"
"D","05/30/2020","18:33:22","Hydro","Hydro",1127,"No"
"D","05/30/2020","18:33:22","Natural Gas","Natural Gas",9140,"Yes"
"D","05/30/2020","18:33:22","Nuclear","Nuclear",1227,"No"
"D","05/30/2020","18:33:22","Other","Other",7,"No"
"D","05/30/2020","18:33:22","Landfill Gas","Renewables",29,"No"
"D","05/30/2020","18:33:22","Refuse","Renewables",337,"No"
"D","05/30/2020","18:33:22","Solar","Renewables",29,"No"
"D","05/30/2020","18:33:22","Wind","Renewables",209,"No"
"D","05/30/2020","18:33:22","Wood","Renewables",290,"No"
"D","05/30/2020","18:44:13","Hydro","Hydro",1126,"No"
"D","05/30/2020","18:44:13","Natural Gas","Natural Gas",9159,"Yes"
"D","05/30/2020","18:44:13","Nuclear","Nuclear",1227,"No"
"D","05/30/2020","18:44:13","Other","Other",8,"No"
"D","05/30/2020","18:44:13","Landfill Gas","Renewables",29,"No"
"D","05/30/2020","18:44:13","Refuse","Renewables",336,"No"
"D","05/30/2020","18:44:13","Solar","Renewables",23,"No"
"D","05/30/2020","18:44:13","Wind","Renewables",179,"No"
"D","05/30/2020","18:44:13","Wood","Renewables",293,"No"
"D","05/30/2020","18:52:59","Hydro","Hydro",1131,"No"
"D","05/30/2020","18:52:59","Natural Gas","Natural Gas",9171,"Yes"
"D","05/30/2020","18:52:59","Nuclear","Nuclear",1227,"No"
"D","05/30/2020","18:52:59","Other","Other",7,"No"
"D","05/30/2020","18:52:59","Landfill Gas","Renewables",29,"No"
"D","05/30/2020","18:52:59","Refuse","Renewables",331,"No"
"D","05/30/2020","18:52:59","Solar","Renewables",17,"No"
"D","05/30/2020","18:52:59","Wind","Renewables",169,"No"
"D","05/30/2020","18:52:59","Wood","Renewables",292,"No"
"D","05/30/2020","19:19:29","Hydro","Hydro",1232,"Yes"
"D","05/30/2020","19:19:29","Natural Gas","Natural Gas",9001,"No"
"D","05/30/2020","19:19:29","Nuclear","Nuclear",1225,"No"
"D","05/30/2020","19:19:29","Other","Other",1,"No"
"D","05/30/2020","19:19:29","Landfill Gas","Renewables",29,"No"
"D","05/30/2020","19:19:29","Refuse","Renewables",338,"No"
"D","05/30/2020","19:19:29","Solar","Renewables",7,"No"
"D","05/30/2020","19:19:29","Wind","Renewables",163,"No"
"D","05/30/2020","19:19:29","Wood","Renewables",290,"No"
"D","05/30/2020","19:31:48","Hydro","Hydro",1131,"No"
"D","05/30/2020","19:31:48","Natural Gas","Natural Gas",8974,"Yes"
"D","05/30/2020","19:31:48","Nuclear","Nuclear",1227,"No"
"D","05/30/2020","19:31:48","Landfill Gas","Renewables",29,"No"
"D","05/30/2020","19:31:48","Refuse","Renewables",340,"No"
"D","05/30/2020","19:31:48","Solar","Renewables",5,"No"
"D","05/30/2020","19:31:48","Wind","Renewables",142,"No"
"D","05/30/2020","19:31:48","Wood","Renewables",289,"No"
"D","05/30/2020","19:43:20","Hydro","Hydro",1113,"No"
"D","05/30/2020","19:43:20","Natural Gas","Natural Gas",8900,"Yes"
"D","05/30/2020","19:43:20","Nuclear","Nuclear",1227,"No"
"D","05/30/2020","19:43:20","Landfill Gas","Renewables",29,"No"
"D","05/30/2020","19:43:20","Refuse","Renewables",340,"No"
"D","05/30/2020","19:43:20","Solar","Renewables",4,"No"
"D","05/30/2020","19:43:20","Wind","Renewables",150,"No"
"D","05/30/2020","19:43:20","Wood","Renewables",289,"No"
"D","05/30/2020","19:59:07","Hydro","Hydro",1111,"Yes"
"D","05/30/2020","19:59:07","Natural Gas","Natural Gas",8700,"No"
"D","05/30/2020","19:59:07","Nuclear","Nuclear",1227,"No"
"D","05/30/2020","19:59:07","Landfill Gas","Renewables",29,"No"
"D","05/30/2020","19:59:07","Refuse","Renewables",336,"No"
"D","05/30/2020","19:59:07","Solar","Renewables",1,"No"
"D","05/30/2020","19:59:07","Wind","Renewables",206,"No"
"D","05/30/2020","19:59:07","Wood","Renewables",289,"No"
"D","05/30/2020","20:01:22","Hydro","Hydro",1111,"No"
"D","05/30/2020","20:01:22","Natural Gas","Natural Gas",8700,"Yes"
"D","05/30/2020","20:01:22","Nuclear","Nuclear",1227,"No"
"D","05/30/2020","20:01:22","Landfill Gas","Renewables",29,"No"
"D","05/30/2020","20:01:22","Refuse","Renewables",336,"No"
"D","05/30/2020","20:01:22","Solar","Renewables",1,"No"
"D","05/30/2020","20:01:22","Wind","Renewables",206,"No"
"D","05/30/2020","20:01:22","Wood","Renewables",289,"No"
"D","05/30/2020","20:38:52","Hydro","Hydro",1053,"No"
"D","05/30/2020","20:38:52","Natural Gas","Natural Gas",8765,"Yes"
"D","05/30/2020","20:38:52","Nuclear","Nuclear",1225,"No"
"D","05/30/2020","20:38:52","Landfill Gas","Renewables",30,"No"
"D","05/30/2020","20:38:52","Refuse","Renewables",343,"No"
"D","05/30/2020","20:38:52","Wind","Renewables",201,"No"
"D","05/30/2020","20:38:52","Wood","Renewables",287,"No"
"D","05/30/2020","20:56:37","Hydro","Hydro",950,"No"
"D","05/30/2020","20:56:37","Natural Gas","Natural Gas",8827,"Yes"
"D","05/30/2020","20:56:37","Nuclear","Nuclear",1229,"No"
"D","05/30/2020","20:56:37","Landfill Gas","Renewables",29,"No"
"D","05/30/2020","20:56:37","Refuse","Renewables",341,"No"
"D","05/30/2020","20:56:37","Wind","Renewables",230,"No"
"D","05/30/2020","20:56:37","Wood","Renewables",288,"No"
"D","05/30/2020","20:57:54","Hydro","Hydro",950,"No"
"D","05/30/2020","20:57:54","Natural Gas","Natural Gas",8827,"Yes"
"D","05/30/2020","20:57:54","Nuclear","Nuclear",1229,"No"
"D","05/30/2020","20:57:54","Landfill Gas","Renewables",29,"No"
"D","05/30/2020","20:57:54","Refuse","Renewables",341,"No"
"D","05/30/2020","20:57:54","Wind","Renewables",230,"No"
"D","05/30/2020","20:57:54","Wood","Renewables",288,"No"
"D","05/30/2020","21:11:18","Hydro","Hydro",872,"No"
"D","05/30/2020","21:11:18","Natural Gas","Natural Gas",8675,"Yes"
"D","05/30/2020","21:11:18","Nuclear","Nuclear",1229,"No"
"D","05/30/2020","21:11:18","Other","Other",0,"No"
"D","05/30/2020","21:11:18","Landfill Gas","Renewables",29,"No"
"D","05/30/2020","21:11:18","Refuse","Renewables",341,"No"
"D","05/30/2020","21:11:18","Wind","Renewables",263,"No"
"D","05/30/2020","21:11:18","Wood","Renewables",288,"No"
"D","05/30/2020","21:25:35","Hydro","Hydro",871,"No"
"D","05/30/2020","21:25:35","Natural Gas","Natural Gas",8459,"Yes"
"D","05/30/2020","21:25:35","Nuclear","Nuclear",1229,"No"
"D","05/30/2020","21:25:35","Other","Other",2,"No"
"D","05/30/2020","21:25:35","Landfill Gas","Renewables",29,"No"
"D","05/30/2020","21:25:35","Refuse","Renewables",342,"No"
"D","05/30/2020","21:25:35","Wind","Renewables",286,"No"
"D","05/30/2020","21:25:35","Wood","Renewables",290,"No"
"D","05/30/2020","21:50:47","Hydro","Hydro",872,"No"
"D","05/30/2020","21:50:47","Natural Gas","Natural Gas",8115,"Yes"
"D","05/30/2020","21:50:47","Nuclear","Nuclear",1225,"No"
"D","05/30/2020","21:50:47","Landfill Gas","Renewables",30,"No"
"D","05/30/2020","21:50:47","Refuse","Renewables",342,"No"
"D","05/30/2020","21:50:47","Wind","Renewables",289,"No"
"D","05/30/2020","21:50:47","Wood","Renewables",290,"No"
"D","05/30/2020","21:57:27","Hydro","Hydro",853,"No"
"D","05/30/2020","21:57:27","Natural Gas","Natural Gas",7791,"Yes"
"D","05/30/2020","21:57:27","Nuclear","Nuclear",1229,"No"
"D","05/30/2020","21:57:27","Other","Other",16,"No"
"D","05/30/2020","21:57:27","Landfill Gas","Renewables",30,"No"
"D","05/30/2020","21:57:27","Refuse","Renewables",342,"No"
"D","05/30/2020","21:57:27","Wind","Renewables",292,"No"
"D","05/30/2020","21:57:27","Wood","Renewables",288,"No"
"D","05/30/2020","22:09:52","Hydro","Hydro",805,"No"
"D","05/30/2020","22:09:52","Natural Gas","Natural Gas",7577,"Yes"
"D","05/30/2020","22:09:52","Nuclear","Nuclear",1225,"No"
"D","05/30/2020","22:09:52","Landfill Gas","Renewables",29,"No"
"D","05/30/2020","22:09:52","Refuse","Renewables",336,"No"
"D","05/30/2020","22:09:52","Wind","Renewables",278,"No"
"D","05/30/2020","22:09:52","Wood","Renewables",284,"No"
"D","05/30/2020","22:23:05","Hydro","Hydro",799,"No"
"D","05/30/2020","22:23:05","Natural Gas","Natural Gas",7297,"Yes"
"D","05/30/2020","22:23:05","Nuclear","Nuclear",1227,"No"
"D","05/30/2020","22:23:05","Other","Other",2,"No"
"D","05/30/2020","22:23:05","Landfill Gas","Renewables",30,"No"
"D","05/30/2020","22:23:05","Refuse","Renewables",339,"No"
"D","05/30/2020","22:23:05","Wind","Renewables",284,"No"
"D","05/30/2020","22:23:05","Wood","Renewables",282,"No"
"D","05/30/2020","22:44:47","Hydro","Hydro",795,"No"
"D","05/30/2020","22:44:47","Natural Gas","Natural Gas",6973,"Yes"
"D","05/30/2020","22:44:47","Nuclear","Nuclear",1227,"No"
"D","05/30/2020","22:44:47","Landfill Gas","Renewables",29,"No"
"D","05/30/2020","22:44:47","Refuse","Renewables",341,"No"
"D","05/30/2020","22:44:47","Wind","Renewables",309,"No"
"D","05/30/2020","22:44:47","Wood","Renewables",278,"No"
"D","05/30/2020","22:57:19","Hydro","Hydro",796,"No"
"D","05/30/2020","22:57:19","Natural Gas","Natural Gas",6705,"Yes"
"D","05/30/2020","22:57:19","Nuclear","Nuclear",1227,"No"
"D","05/30/2020","22:57:19","Landfill Gas","Renewables",29,"No"
"D","05/30/2020","22:57:19","Refuse","Renewables",342,"No"
"D","05/30/2020","22:57:19","Wind","Renewables",320,"No"
"D","05/30/2020","22:57:19","Wood","Renewables",274,"No"
"D","05/30/2020","23:29:08","Hydro","Hydro",782,"No"
"D","05/30/2020","23:29:08","Natural Gas","Natural Gas",6309,"Yes"
"D","05/30/2020","23:29:08","Nuclear","Nuclear",1231,"No"
"D","05/30/2020","23:29:08","Landfill Gas","Renewables",29,"No"
"D","05/30/2020","23:29:08","Refuse","Renewables",342,"No"
"D","05/30/2020","23:29:08","Wind","Renewables",345,"Yes"
"D","05/30/2020","23:29:08","Wood","Renewables",261,"No"
"D","05/30/2020","23:30:01","Hydro","Hydro",782,"No"
"D","05/30/2020","23:30:01","Natural Gas","Natural Gas",6308,"Yes"
"D","05/30/2020","23:30:01","Nuclear","Nuclear",1229,"No"
"D","05/30/2020","23:30:01","Landfill Gas","Renewables",29,"No"
"D","05/30/2020","23:30:01","Refuse","Renewables",343,"No"
"D","05/30/2020","23:30:01","Wind","Renewables",351,"Yes"
"D","05/30/2020","23:30:01","Wood","Renewables",261,"No"
"D","05/30/2020","23:47:21","Hydro","Hydro",653,"No"
"D","05/30/2020","23:47:21","Natural Gas","Natural Gas",6059,"Yes"
"D","05/30/2020","23:47:21","Nuclear","Nuclear",1229,"No"
"D","05/30/2020","23:47:21","Landfill Gas","Renewables",30,"No"
"D","05/30/2020","23:47:21","Refuse","Renewables",343,"No"
"D","05/30/2020","23:47:21","Wind","Renewables",410,"No"
"D","05/30/2020","23:47:21","Wood","Renewables",257,"No"
"D","05/30/2020","23:56:23","Hydro","Hydro",652,"No"
"D","05/30/2020","23:56:23","Natural Gas","Natural Gas",5918,"Yes"
"D","05/30/2020","23:56:23","Nuclear","Nuclear",1229,"No"
"D","05/30/2020","23:56:23","Landfill Gas","Renewables",30,"No"
"D","05/30/2020","23:56:23","Refuse","Renewables",342,"No"
"D","05/30/2020","23:56:23","Wind","Renewables",416,"No"
"D","05/30/2020","23:56:23","Wood","Renewables",249,"No"
"T","1268 lines"