INTERVALSTARTTIME_GMT,INTERVALENDTIME_GMT,OPR_DT,OPR_HR,OPR_INTERVAL,NODE_ID_XML,NODE_ID,NODE,MARKET_RUN_ID,LMP_TYPE,XML_DATA_ITEM,PNODE_RESMRID,GRP_TYPE,POS,MW,GROUP
2020-06-05T16:00:00-00:00,2020-06-05T17:00:00-00:00,2020-06-05,10,0,BAYSHOR2_1_N001,BAYSHOR2_1_N001,BAYSHOR2_1_N001,DAM,LMP,LMP_PRC,BAYSHOR2_1_N001,ALL,1,24.8664,1
2020-06-05T19:00:00-00:00,2020-06-05T20:00:00-00:00,2020-06-05,13,0,BAYSHOR2_1_N001,BAYSHOR2_1_N001,BAYSHOR2_1_N001,DAM,LMP,LMP_PRC,BAYSHOR2_1_N001,ALL,1,21.23661,1
2020-06-05T23:00:00-00:00,2020-06-06T00:00:00-00:00,2020-06-05,17,0,BAYSHOR2_1_N001,BAYSHOR2_1_N001,BAYSHOR2_1_N001,DAM,LMP,LMP_PRC,BAYSHOR2_1_N001,ALL,1,25.15428,1
2020-06-06T03:00:00-00:00,2020-06-06T04:00:00-00:00,2020-06-05,21,0,BAYSHOR2_1_N001,BAYSHOR2_1_N001,BAYSHOR2_1_N001,DAM,LMP,LMP_PRC,BAYSHOR2_1_N001,ALL,1,38.39972,1
2020-06-06T04:00:00-00:00,2020-06-06T05:00:00-00:00,2020-06-05,22,0,BAYSHOR2_1_N001,BAYSHOR2_1_N001,BAYSHOR2_1_N001,DAM,LMP,LMP_PRC,BAYSHOR2_1_N001,ALL,1,31.92944,1
2020-06-05T12:00:00-00:00,2020-06-05T13:00:00-00:00,2020-06-05,6,0,BAYSHOR2_1_N001,BAYSHOR2_1_N001,BAYSHOR2_1_N001,DAM,LMP,LMP_PRC,BAYSHOR2_1_N001,ALL,1,28.29929,1
2020-06-05T14:00:00-00:00,2020-06-05T15:00:00-00:00,2020-06-05,8,0,BAYSHOR2_1_N001,BAYSHOR2_1_N001,BAYSHOR2_1_N001,DAM,LMP,LMP_PRC,BAYSHOR2_1_N001,ALL,1,23.07432,1
2020-06-05T20:00:00-00:00,2020-06-05T21:00:00-00:00,2020-06-05,14,0,BAYSHOR2_1_N001,BAYSHOR2_1_N001,BAYSHOR2_1_N001,DAM,LMP,LMP_PRC,BAYSHOR2_1_N001,ALL,1,21.14629,1
2020-06-05T21:00:00-00:00,2020-06-05T22:00:00-00:00,2020-06-05,15,0,BAYSHOR2_1_N001,BAYSHOR2_1_N001,BAYSHOR2_1_N001,DAM,LMP,LMP_PRC,BAYSHOR2_1_N001,ALL,1,23.61783,1
2020-06-06T00:00:00-00:00,2020-06-06T01:00:00-00:00,2020-06-05,18,0,BAYSHOR2_1_N001,BAYSHOR2_1_N001,BAYSHOR2_1_N001,DAM,LMP,LMP_PRC,BAYSHOR2_1_N001,ALL,1,28.16034,1
2020-06-05T08:00:00-00:00,2020-06-05T09:00:00-00:00,2020-06-05,2,0,BAYSHOR2_1_N001,BAYSHOR2_1_N001,BAYSHOR2_1_N001,DAM,LMP,LMP_PRC,BAYSHOR2_1_N001,ALL,1,27.94295,1
2020-06-05T07:00:00-00:00,2020-06-05T08:00:00-00:00,2020-06-05,1,0,BAYSHOR2_1_N001,BAYSHOR2_1_N001,BAYSHOR2_1_N001,DAM,LMP,LMP_PRC,BAYSHOR2_1_N001,ALL,1,28.79744,1
2020-06-05T22:00:00-00:00,2020-06-05T23:00:00-00:00,2020-06-05,16,0,BAYSHOR2_1_N001,BAYSHOR2_1_N001,BAYSHOR2_1_N001,DAM,LMP,LMP_PRC,BAYSHOR2_1_N001,ALL,1,23.35453,1
2020-06-06T05:00:00-00:00,2020-06-06T06:00:00-00:00,2020-06-05,23,0,BAYSHOR2_1_N001,BAYSHOR2_1_N001,BAYSHOR2_1_N001,DAM,LMP,LMP_PRC,BAYSHOR2_1_N001,ALL,1,27.02561,1
2020-06-05T15:00:00-00:00,2020-06-05T16:00:00-00:00,2020-06-05,9,0,BAYSHOR2_1_N001,BAYSHOR2_1_N001,BAYSHOR2_1_N001,DAM,LMP,LMP_PRC,BAYSHOR2_1_N001,ALL,1,19.80773,1
2020-06-05T18:00:00-00:00,2020-06-05T19:00:00-00:00,2020-06-05,12,0,BAYSHOR2_1_N001,BAYSHOR2_1_N001,BAYSHOR2_1_N001,DAM,LMP,LMP_PRC,BAYSHOR2_1_N001,ALL,1,19.27471,1
2020-06-06T01:00:00-00:00,2020-06-06T02:00:00-00:00,2020-06-05,19,0,BAYSHOR2_1_N001,BAYSHOR2_1_N001,BAYSHOR2_1_N001,DAM,LMP,LMP_PRC,BAYSHOR2_1_N001,ALL,1,37.40844,1
2020-06-06T02:00:00-00:00,2020-06-06T03:00:00-00:00,2020-06-05,20,0,BAYSHOR2_1_N001,BAYSHOR2_1_N001,BAYSHOR2_1_N001,DAM,LMP,LMP_PRC,BAYSHOR2_1_N001,ALL,1,47.53719,1
2020-06-05T10:00:00-00:00,2020-06-05T11:00:00-00:00,2020-06-05,4,0,BAYSHOR2_1_N001,BAYSHOR2_1_N001,BAYSHOR2_1_N001,DAM,LMP,LMP_PRC,BAYSHOR2_1_N001,ALL,1,25.07803,1
2020-06-05T11:00:00-00:00,2020-06-05T12:00:00-00:00,2020-06-05,5,0,BAYSHOR2_1_N001,BAYSHOR2_1_N001,BAYSHOR2_1_N001,DAM,LMP,LMP_PRC,BAYSHOR2_1_N001,ALL,1,25.50741,1
2020-06-06T06:00:00-00:00,2020-06-06T07:00:00-00:00,2020-06-05,24,0,BAYSHOR2_1_N001,BAYSHOR2_1_N001,BAYSHOR2_1_N001,DAM,LMP,LMP_PRC,BAYSHOR2_1_N001,ALL,1,28.65786,1
2020-06-05T13:00:00-00:00,2020-06-05T14:00:00-00:00,2020-06-05,7,0,BAYSHOR2_1_N001,BAYSHOR2_1_N001,BAYSHOR2_1_N001,DAM,LMP,LMP_PRC,BAYSHOR2_1_N001,ALL,1,27.47909,1
2020-06-05T17:00:00-00:00,2020-06-05T18:00:00-00:00,2020-06-05,11,0,BAYSHOR2_1_N001,BAYSHOR2_1_N001,BAYSHOR2_1_N001,DAM,LMP,LMP_PRC,BAYSHOR2_1_N001,ALL,1,22.94793,1
2020-06-05T09:00:00-00:00,2020-06-05T10:00:00-00:00,2020-06-05,3,0,BAYSHOR2_1_N001,BAYSHOR2_1_N001,BAYSHOR2_1_N001,DAM,LMP,LMP_PRC,BAYSHOR2_1_N001,ALL,1,25.71167,1
2020-06-05T07:00:00-00:00,2020-06-05T08:00:00-00:00,2020-06-05,1,0,BAYSHOR2_1_N001,BAYSHOR2_1_N001,BAYSHOR2_1_N001,DAM,MCC,LMP_CONG_PRC,BAYSHOR2_1_N001,ALL,1,0.04085,2
2020-06-05T21:00:00-00:00,2020-06-05T22:00:00-00:00,2020-06-05,15,0,BAYSHOR2_1_N001,BAYSHOR2_1_N001,BAYSHOR2_1_N001,DAM,MCC,LMP_CONG_PRC,BAYSHOR2_1_N001,ALL,1,3.80948,2
2020-06-05T22:00:00-00:00,2020-06-05T23:00:00-00:00,2020-06-05,16,0,BAYSHOR2_1_N001,BAYSHOR2_1_N001,BAYSHOR2_1_N001,DAM,MCC,LMP_CONG_PRC,BAYSHOR2_1_N001,ALL,1,1.53627,2
2020-06-05T20:00:00-00:00,2020-06-05T21:00:00-00:00,2020-06-05,14,0,BAYSHOR2_1_N001,BAYSHOR2_1_N001,BAYSHOR2_1_N001,DAM,MCC,LMP_CONG_PRC,BAYSHOR2_1_N001,ALL,1,2.36107,2
2020-06-05T12:00:00-00:00,2020-06-05T13:00:00-00:00,2020-06-05,6,0,BAYSHOR2_1_N001,BAYSHOR2_1_N001,BAYSHOR2_1_N001,DAM,MCC,LMP_CONG_PRC,BAYSHOR2_1_N001,ALL,1,0.0217,2
2020-06-05T15:00:00-00:00,2020-06-05T16:00:00-00:00,2020-06-05,9,0,BAYSHOR2_1_N001,BAYSHOR2_1_N001,BAYSHOR2_1_N001,DAM,MCC,LMP_CONG_PRC,BAYSHOR2_1_N001,ALL,1,0.49767,2
2020-06-06T02:00:00-00:00,2020-06-06T03:00:00-00:00,2020-06-05,20,0,BAYSHOR2_1_N001,BAYSHOR2_1_N001,BAYSHOR2_1_N001,DAM,MCC,LMP_CONG_PRC,BAYSHOR2_1_N001,ALL,1,1.00756,2
2020-06-06T03:00:00-00:00,2020-06-06T04:00:00-00:00,2020-06-05,21,0,BAYSHOR2_1_N001,BAYSHOR2_1_N001,BAYSHOR2_1_N001,DAM,MCC,LMP_CONG_PRC,BAYSHOR2_1_N001,ALL,1,0.39167,2
2020-06-05T18:00:00-00:00,2020-06-05T19:00:00-00:00,2020-06-05,12,0,BAYSHOR2_1_N001,BAYSHOR2_1_N001,BAYSHOR2_1_N001,DAM,MCC,LMP_CONG_PRC,BAYSHOR2_1_N001,ALL,1,0.93846,2
2020-06-05T19:00:00-00:00,2020-06-05T20:00:00-00:00,2020-06-05,13,0,BAYSHOR2_1_N001,BAYSHOR2_1_N001,BAYSHOR2_1_N001,DAM,MCC,LMP_CONG_PRC,BAYSHOR2_1_N001,ALL,1,3.38125,2
2020-06-06T06:00:00-00:00,2020-06-06T07:00:00-00:00,2020-06-05,24,0,BAYSHOR2_1_N001,BAYSHOR2_1_N001,BAYSHOR2_1_N001,DAM,MCC,LMP_CONG_PRC,BAYSHOR2_1_N001,ALL,1,3.08768,2
2020-06-05T09:00:00-00:00,2020-06-05T10:00:00-00:00,2020-06-05,3,0,BAYSHOR2_1_N001,BAYSHOR2_1_N001,BAYSHOR2_1_N001,DAM,MCC,LMP_CONG_PRC,BAYSHOR2_1_N001,ALL,1,0,2
2020-06-05T17:00:00-00:00,2020-06-05T18:00:00-00:00,2020-06-05,11,0,BAYSHOR2_1_N001,BAYSHOR2_1_N001,BAYSHOR2_1_N001,DAM,MCC,LMP_CONG_PRC,BAYSHOR2_1_N001,ALL,1,4.61081,2
2020-06-06T01:00:00-00:00,2020-06-06T02:00:00-00:00,2020-06-05,19,0,BAYSHOR2_1_N001,BAYSHOR2_1_N001,BAYSHOR2_1_N001,DAM,MCC,LMP_CONG_PRC,BAYSHOR2_1_N001,ALL,1,4.05082,2
2020-06-05T23:00:00-00:00,2020-06-06T00:00:00-00:00,2020-06-05,17,0,BAYSHOR2_1_N001,BAYSHOR2_1_N001,BAYSHOR2_1_N001,DAM,MCC,LMP_CONG_PRC,BAYSHOR2_1_N001,ALL,1,2.73499,2
2020-06-05T08:00:00-00:00,2020-06-05T09:00:00-00:00,2020-06-05,2,0,BAYSHOR2_1_N001,BAYSHOR2_1_N001,BAYSHOR2_1_N001,DAM,MCC,LMP_CONG_PRC,BAYSHOR2_1_N001,ALL,1,0,2
2020-06-05T10:00:00-00:00,2020-06-05T11:00:00-00:00,2020-06-05,4,0,BAYSHOR2_1_N001,BAYSHOR2_1_N001,BAYSHOR2_1_N001,DAM,MCC,LMP_CONG_PRC,BAYSHOR2_1_N001,ALL,1,0,2
2020-06-05T11:00:00-00:00,2020-06-05T12:00:00-00:00,2020-06-05,5,0,BAYSHOR2_1_N001,BAYSHOR2_1_N001,BAYSHOR2_1_N001,DAM,MCC,LMP_CONG_PRC,BAYSHOR2_1_N001,ALL,1,0,2
2020-06-06T00:00:00-00:00,2020-06-06T01:00:00-00:00,2020-06-05,18,0,BAYSHOR2_1_N001,BAYSHOR2_1_N001,BAYSHOR2_1_N001,DAM,MCC,LMP_CONG_PRC,BAYSHOR2_1_N001,ALL,1,2.1908,2
2020-06-06T05:00:00-00:00,2020-06-06T06:00:00-00:00,2020-06-05,23,0,BAYSHOR2_1_N001,BAYSHOR2_1_N001,BAYSHOR2_1_N001,DAM,MCC,LMP_CONG_PRC,BAYSHOR2_1_N001,ALL,1,0.26496,2
2020-06-05T13:00:00-00:00,2020-06-05T14:00:00-00:00,2020-06-05,7,0,BAYSHOR2_1_N001,BAYSHOR2_1_N001,BAYSHOR2_1_N001,DAM,MCC,LMP_CONG_PRC,BAYSHOR2_1_N001,ALL,1,0,2
2020-06-05T14:00:00-00:00,2020-06-05T15:00:00-00:00,2020-06-05,8,0,BAYSHOR2_1_N001,BAYSHOR2_1_N001,BAYSHOR2_1_N001,DAM,MCC,LMP_CONG_PRC,BAYSHOR2_1_N001,ALL,1,0,2
2020-06-05T16:00:00-00:00,2020-06-05T17:00:00-00:00,2020-06-05,10,0,BAYSHOR2_1_N001,BAYSHOR2_1_N001,BAYSHOR2_1_N001,DAM,MCC,LMP_CONG_PRC,BAYSHOR2_1_N001,ALL,1,5.37832,2
2020-06-06T04:00:00-00:00,2020-06-06T05:00:00-00:00,2020-06-05,22,0,BAYSHOR2_1_N001,BAYSHOR2_1_N001,BAYSHOR2_1_N001,DAM,MCC,LMP_CONG_PRC,BAYSHOR2_1_N001,ALL,1,0,2
2020-06-05T07:00:00-00:00,2020-06-05T08:00:00-00:00,2020-06-05,1,0,BAYSHOR2_1_N001,BAYSHOR2_1_N001,BAYSHOR2_1_N001,DAM,MCE,LMP_ENE_PRC,BAYSHOR2_1_N001,ALL,1,27.90276,3
2020-06-05T08:00:00-00:00,2020-06-05T09:00:00-00:00,2020-06-05,2,0,BAYSHOR2_1_N001,BAYSHOR2_1_N001,BAYSHOR2_1_N001,DAM,MCE,LMP_ENE_PRC,BAYSHOR2_1_N001,ALL,1,27.08437,3
2020-06-06T06:00:00-00:00,2020-06-06T07:00:00-00:00,2020-06-05,24,0,BAYSHOR2_1_N001,BAYSHOR2_1_N001,BAYSHOR2_1_N001,DAM,MCE,LMP_ENE_PRC,BAYSHOR2_1_N001,ALL,1,24.79172,3
2020-06-05T19:00:00-00:00,2020-06-05T20:00:00-00:00,2020-06-05,13,0,BAYSHOR2_1_N001,BAYSHOR2_1_N001,BAYSHOR2_1_N001,DAM,MCE,LMP_ENE_PRC,BAYSHOR2_1_N001,ALL,1,16.91489,3
2020-06-05T15:00:00-00:00,2020-06-05T16:00:00-00:00,2020-06-05,9,0,BAYSHOR2_1_N001,BAYSHOR2_1_N001,BAYSHOR2_1_N001,DAM,MCE,LMP_ENE_PRC,BAYSHOR2_1_N001,ALL,1,18.63905,3
2020-06-05T13:00:00-00:00,2020-06-05T14:00:00-00:00,2020-06-05,7,0,BAYSHOR2_1_N001,BAYSHOR2_1_N001,BAYSHOR2_1_N001,DAM,MCE,LMP_ENE_PRC,BAYSHOR2_1_N001,ALL,1,26.65027,3
2020-06-05T09:00:00-00:00,2020-06-05T10:00:00-00:00,2020-06-05,3,0,BAYSHOR2_1_N001,BAYSHOR2_1_N001,BAYSHOR2_1_N001,DAM,MCE,LMP_ENE_PRC,BAYSHOR2_1_N001,ALL,1,24.86381,3
2020-06-06T03:00:00-00:00,2020-06-06T04:00:00-00:00,2020-06-05,21,0,BAYSHOR2_1_N001,BAYSHOR2_1_N001,BAYSHOR2_1_N001,DAM,MCE,LMP_ENE_PRC,BAYSHOR2_1_N001,ALL,1,37.51658,3
2020-06-05T16:00:00-00:00,2020-06-05T17:00:00-00:00,2020-06-05,10,0,BAYSHOR2_1_N001,BAYSHOR2_1_N001,BAYSHOR2_1_N001,DAM,MCE,LMP_ENE_PRC,BAYSHOR2_1_N001,ALL,1,18.85457,3
2020-06-06T04:00:00-00:00,2020-06-06T05:00:00-00:00,2020-06-05,22,0,BAYSHOR2_1_N001,BAYSHOR2_1_N001,BAYSHOR2_1_N001,DAM,MCE,LMP_ENE_PRC,BAYSHOR2_1_N001,ALL,1,31.43589,3
2020-06-05T17:00:00-00:00,2020-06-05T18:00:00-00:00,2020-06-05,11,0,BAYSHOR2_1_N001,BAYSHOR2_1_N001,BAYSHOR2_1_N001,DAM,MCE,LMP_ENE_PRC,BAYSHOR2_1_N001,ALL,1,17.72045,3
2020-06-05T12:00:00-00:00,2020-06-05T13:00:00-00:00,2020-06-05,6,0,BAYSHOR2_1_N001,BAYSHOR2_1_N001,BAYSHOR2_1_N001,DAM,MCE,LMP_ENE_PRC,BAYSHOR2_1_N001,ALL,1,27.64183,3
2020-06-06T05:00:00-00:00,2020-06-06T06:00:00-00:00,2020-06-05,23,0,BAYSHOR2_1_N001,BAYSHOR2_1_N001,BAYSHOR2_1_N001,DAM,MCE,LMP_ENE_PRC,BAYSHOR2_1_N001,ALL,1,26.11814,3
2020-06-06T02:00:00-00:00,2020-06-06T03:00:00-00:00,2020-06-05,20,0,BAYSHOR2_1_N001,BAYSHOR2_1_N001,BAYSHOR2_1_N001,DAM,MCE,LMP_ENE_PRC,BAYSHOR2_1_N001,ALL,1,45.64862,3
2020-06-05T23:00:00-00:00,2020-06-06T00:00:00-00:00,2020-06-05,17,0,BAYSHOR2_1_N001,BAYSHOR2_1_N001,BAYSHOR2_1_N001,DAM,MCE,LMP_ENE_PRC,BAYSHOR2_1_N001,ALL,1,21.24045,3
2020-06-05T18:00:00-00:00,2020-06-05T19:00:00-00:00,2020-06-05,12,0,BAYSHOR2_1_N001,BAYSHOR2_1_N001,BAYSHOR2_1_N001,DAM,MCE,LMP_ENE_PRC,BAYSHOR2_1_N001,ALL,1,17.75048,3
2020-06-05T14:00:00-00:00,2020-06-05T15:00:00-00:00,2020-06-05,8,0,BAYSHOR2_1_N001,BAYSHOR2_1_N001,BAYSHOR2_1_N001,DAM,MCE,LMP_ENE_PRC,BAYSHOR2_1_N001,ALL,1,22.24674,3
2020-06-06T00:00:00-00:00,2020-06-06T01:00:00-00:00,2020-06-05,18,0,BAYSHOR2_1_N001,BAYSHOR2_1_N001,BAYSHOR2_1_N001,DAM,MCE,LMP_ENE_PRC,BAYSHOR2_1_N001,ALL,1,24.99234,3
2020-06-05T11:00:00-00:00,2020-06-05T12:00:00-00:00,2020-06-05,5,0,BAYSHOR2_1_N001,BAYSHOR2_1_N001,BAYSHOR2_1_N001,DAM,MCE,LMP_ENE_PRC,BAYSHOR2_1_N001,ALL,1,24.7117,3
2020-06-05T22:00:00-00:00,2020-06-05T23:00:00-00:00,2020-06-05,16,0,BAYSHOR2_1_N001,BAYSHOR2_1_N001,BAYSHOR2_1_N001,DAM,MCE,LMP_ENE_PRC,BAYSHOR2_1_N001,ALL,1,20.81895,3
2020-06-05T20:00:00-00:00,2020-06-05T21:00:00-00:00,2020-06-05,14,0,BAYSHOR2_1_N001,BAYSHOR2_1_N001,BAYSHOR2_1_N001,DAM,MCE,LMP_ENE_PRC,BAYSHOR2_1_N001,ALL,1,17.83125,3
2020-06-05T10:00:00-00:00,2020-06-05T11:00:00-00:00,2020-06-05,4,0,BAYSHOR2_1_N001,BAYSHOR2_1_N001,BAYSHOR2_1_N001,DAM,MCE,LMP_ENE_PRC,BAYSHOR2_1_N001,ALL,1,24.22296,3
2020-06-05T21:00:00-00:00,2020-06-05T22:00:00-00:00,2020-06-05,15,0,BAYSHOR2_1_N001,BAYSHOR2_1_N001,BAYSHOR2_1_N001,DAM,MCE,LMP_ENE_PRC,BAYSHOR2_1_N001,ALL,1,18.98625,3
2020-06-06T01:00:00-00:00,2020-06-06T02:00:00-00:00,2020-06-05,19,0,BAYSHOR2_1_N001,BAYSHOR2_1_N001,BAYSHOR2_1_N001,DAM,MCE,LMP_ENE_PRC,BAYSHOR2_1_N001,ALL,1,32.40177,3
2020-06-05T23:00:00-00:00,2020-06-06T00:00:00-00:00,2020-06-05,17,0,BAYSHOR2_1_N001,BAYSHOR2_1_N001,BAYSHOR2_1_N001,DAM,MCL,LMP_LOSS_PRC,BAYSHOR2_1_N001,ALL,1,1.17884,4
2020-06-06T01:00:00-00:00,2020-06-06T02:00:00-00:00,2020-06-05,19,0,BAYSHOR2_1_N001,BAYSHOR2_1_N001,BAYSHOR2_1_N001,DAM,MCL,LMP_LOSS_PRC,BAYSHOR2_1_N001,ALL,1,0.95585,4
2020-06-06T00:00:00-00:00,2020-06-06T01:00:00-00:00,2020-06-05,18,0,BAYSHOR2_1_N001,BAYSHOR2_1_N001,BAYSHOR2_1_N001,DAM,MCL,LMP_LOSS_PRC,BAYSHOR2_1_N001,ALL,1,0.9772,4
2020-06-05T21:00:00-00:00,2020-06-05T22:00:00-00:00,2020-06-05,15,0,BAYSHOR2_1_N001,BAYSHOR2_1_N001,BAYSHOR2_1_N001,DAM,MCL,LMP_LOSS_PRC,BAYSHOR2_1_N001,ALL,1,0.8221,4
2020-06-05T20:00:00-00:00,2020-06-05T21:00:00-00:00,2020-06-05,14,0,BAYSHOR2_1_N001,BAYSHOR2_1_N001,BAYSHOR2_1_N001,DAM,MCL,LMP_LOSS_PRC,BAYSHOR2_1_N001,ALL,1,0.95397,4
2020-06-05T08:00:00-00:00,2020-06-05T09:00:00-00:00,2020-06-05,2,0,BAYSHOR2_1_N001,BAYSHOR2_1_N001,BAYSHOR2_1_N001,DAM,MCL,LMP_LOSS_PRC,BAYSHOR2_1_N001,ALL,1,0.85857,4
2020-06-06T03:00:00-00:00,2020-06-06T04:00:00-00:00,2020-06-05,21,0,BAYSHOR2_1_N001,BAYSHOR2_1_N001,BAYSHOR2_1_N001,DAM,MCL,LMP_LOSS_PRC,BAYSHOR2_1_N001,ALL,1,0.49147,4
2020-06-05T18:00:00-00:00,2020-06-05T19:00:00-00:00,2020-06-05,12,0,BAYSHOR2_1_N001,BAYSHOR2_1_N001,BAYSHOR2_1_N001,DAM,MCL,LMP_LOSS_PRC,BAYSHOR2_1_N001,ALL,1,0.58577,4
2020-06-05T12:00:00-00:00,2020-06-05T13:00:00-00:00,2020-06-05,6,0,BAYSHOR2_1_N001,BAYSHOR2_1_N001,BAYSHOR2_1_N001,DAM,MCL,LMP_LOSS_PRC,BAYSHOR2_1_N001,ALL,1,0.63576,4
2020-06-05T10:00:00-00:00,2020-06-05T11:00:00-00:00,2020-06-05,4,0,BAYSHOR2_1_N001,BAYSHOR2_1_N001,BAYSHOR2_1_N001,DAM,MCL,LMP_LOSS_PRC,BAYSHOR2_1_N001,ALL,1,0.85507,4
2020-06-05T11:00:00-00:00,2020-06-05T12:00:00-00:00,2020-06-05,5,0,BAYSHOR2_1_N001,BAYSHOR2_1_N001,BAYSHOR2_1_N001,DAM,MCL,LMP_LOSS_PRC,BAYSHOR2_1_N001,ALL,1,0.79572,4
2020-06-06T06:00:00-00:00,2020-06-06T07:00:00-00:00,2020-06-05,24,0,BAYSHOR2_1_N001,BAYSHOR2_1_N001,BAYSHOR2_1_N001,DAM,MCL,LMP_LOSS_PRC,BAYSHOR2_1_N001,ALL,1,0.77846,4
2020-06-05T09:00:00-00:00,2020-06-05T10:00:00-00:00,2020-06-05,3,0,BAYSHOR2_1_N001,BAYSHOR2_1_N001,BAYSHOR2_1_N001,DAM,MCL,LMP_LOSS_PRC,BAYSHOR2_1_N001,ALL,1,0.84786,4
2020-06-05T07:00:00-00:00,2020-06-05T08:00:00-00:00,2020-06-05,1,0,BAYSHOR2_1_N001,BAYSHOR2_1_N001,BAYSHOR2_1_N001,DAM,MCL,LMP_LOSS_PRC,BAYSHOR2_1_N001,ALL,1,0.85382,4
2020-06-05T22:00:00-00:00,2020-06-05T23:00:00-00:00,2020-06-05,16,0,BAYSHOR2_1_N001,BAYSHOR2_1_N001,BAYSHOR2_1_N001,DAM,MCL,LMP_LOSS_PRC,BAYSHOR2_1_N001,ALL,1,0.99931,4
2020-06-05T19:00:00-00:00,2020-06-05T20:00:00-00:00,2020-06-05,13,0,BAYSHOR2_1_N001,BAYSHOR2_1_N001,BAYSHOR2_1_N001,DAM,MCL,LMP_LOSS_PRC,BAYSHOR2_1_N001,ALL,1,0.94047,4
2020-06-05T13:00:00-00:00,2020-06-05T14:00:00-00:00,2020-06-05,7,0,BAYSHOR2_1_N001,BAYSHOR2_1_N001,BAYSHOR2_1_N001,DAM,MCL,LMP_LOSS_PRC,BAYSHOR2_1_N001,ALL,1,0.82882,4
2020-06-06T05:00:00-00:00,2020-06-06T06:00:00-00:00,2020-06-05,23,0,BAYSHOR2_1_N001,BAYSHOR2_1_N001,BAYSHOR2_1_N001,DAM,MCL,LMP_LOSS_PRC,BAYSHOR2_1_N001,ALL,1,0.64251,4
2020-06-05T16:00:00-00:00,2020-06-05T17:00:00-00:00,2020-06-05,10,0,BAYSHOR2_1_N001,BAYSHOR2_1_N001,BAYSHOR2_1_N001,DAM,MCL,LMP_LOSS_PRC,BAYSHOR2_1_N001,ALL,1,0.63351,4
2020-06-05T15:00:00-00:00,2020-06-05T16:00:00-00:00,2020-06-05,9,0,BAYSHOR2_1_N001,BAYSHOR2_1_N001,BAYSHOR2_1_N001,DAM,MCL,LMP_LOSS_PRC,BAYSHOR2_1_N001,ALL,1,0.67101,4
2020-06-05T14:00:00-00:00,2020-06-05T15:00:00-00:00,2020-06-05,8,0,BAYSHOR2_1_N001,BAYSHOR2_1_N001,BAYSHOR2_1_N001,DAM,MCL,LMP_LOSS_PRC,BAYSHOR2_1_N001,ALL,1,0.82758,4
2020-06-06T04:00:00-00:00,2020-06-06T05:00:00-00:00,2020-06-05,22,0,BAYSHOR2_1_N001,BAYSHOR2_1_N001,BAYSHOR2_1_N001,DAM,MCL,LMP_LOSS_PRC,BAYSHOR2_1_N001,ALL,1,0.49354,4
2020-06-06T02:00:00-00:00,2020-06-06T03:00:00-00:00,2020-06-05,20,0,BAYSHOR2_1_N001,BAYSHOR2_1_N001,BAYSHOR2_1_N001,DAM,MCL,LMP_LOSS_PRC,BAYSHOR2_1_N001,ALL,1,0.88102,4
2020-06-05T17:00:00-00:00,2020-06-05T18:00:00-00:00,2020-06-05,11,0,BAYSHOR2_1_N001,BAYSHOR2_1_N001,BAYSHOR2_1_N001,DAM,MCL,LMP_LOSS_PRC,BAYSHOR2_1_N001,ALL,1,0.61667,4
2020-06-05T14:00:00-00:00,2020-06-05T15:00:00-00:00,2020-06-05,8,0,TH_NP15_GEN-APND,TH_NP15_GEN-APND,TH_NP15_GEN-APND,DAM,LMP,LMP_PRC,TH_NP15_GEN-APND,ALL_APNODES,0,21.52122,5
2020-06-05T19:00:00-00:00,2020-06-05T20:00:00-00:00,2020-06-05,13,0,TH_NP15_GEN-APND,TH_NP15_GEN-APND,TH_NP15_GEN-APND,DAM,LMP,LMP_PRC,TH_NP15_GEN-APND,ALL_APNODES,0,16.42274,5
2020-06-06T05:00:00-00:00,2020-06-06T06:00:00-00:00,2020-06-05,23,0,TH_NP15_GEN-APND,TH_NP15_GEN-APND,TH_NP15_GEN-APND,DAM,LMP,LMP_PRC,TH_NP15_GEN-APND,ALL_APNODES,0,24.87148,5
2020-06-05T21:00:00-00:00,2020-06-05T22:00:00-00:00,2020-06-05,15,0,TH_NP15_GEN-APND,TH_NP15_GEN-APND,TH_NP15_GEN-APND,DAM,LMP,LMP_PRC,TH_NP15_GEN-APND,ALL_APNODES,0,18.04088,5
2020-06-05T12:00:00-00:00,2020-06-05T13:00:00-00:00,2020-06-05,6,0,TH_NP15_GEN-APND,TH_NP15_GEN-APND,TH_NP15_GEN-APND,DAM,LMP,LMP_PRC,TH_NP15_GEN-APND,ALL_APNODES,0,26.83,5
2020-06-06T04:00:00-00:00,2020-06-06T05:00:00-00:00,2020-06-05,22,0,TH_NP15_GEN-APND,TH_NP15_GEN-APND,TH_NP15_GEN-APND,DAM,LMP,LMP_PRC,TH_NP15_GEN-APND,ALL_APNODES,0,29.76912,5
2020-06-06T03:00:00-00:00,2020-06-06T04:00:00-00:00,2020-06-05,21,0,TH_NP15_GEN-APND,TH_NP15_GEN-APND,TH_NP15_GEN-APND,DAM,LMP,LMP_PRC,TH_NP15_GEN-APND,ALL_APNODES,0,35.19598,5
2020-06-05T17:00:00-00:00,2020-06-05T18:00:00-00:00,2020-06-05,11,0,TH_NP15_GEN-APND,TH_NP15_GEN-APND,TH_NP15_GEN-APND,DAM,LMP,LMP_PRC,TH_NP15_GEN-APND,ALL_APNODES,0,17.18883,5
2020-06-06T02:00:00-00:00,2020-06-06T03:00:00-00:00,2020-06-05,20,0,TH_NP15_GEN-APND,TH_NP15_GEN-APND,TH_NP15_GEN-APND,DAM,LMP,LMP_PRC,TH_NP15_GEN-APND,ALL_APNODES,0,42.21855,5
2020-06-05T20:00:00-00:00,2020-06-05T21:00:00-00:00,2020-06-05,14,0,TH_NP15_GEN-APND,TH_NP15_GEN-APND,TH_NP15_GEN-APND,DAM,LMP,LMP_PRC,TH_NP15_GEN-APND,ALL_APNODES,0,17.31921,5
2020-06-05T16:00:00-00:00,2020-06-05T17:00:00-00:00,2020-06-05,10,0,TH_NP15_GEN-APND,TH_NP15_GEN-APND,TH_NP15_GEN-APND,DAM,LMP,LMP_PRC,TH_NP15_GEN-APND,ALL_APNODES,0,18.32476,5
2020-06-05T07:00:00-00:00,2020-06-05T08:00:00-00:00,2020-06-05,1,0,TH_NP15_GEN-APND,TH_NP15_GEN-APND,TH_NP15_GEN-APND,DAM,LMP,LMP_PRC,TH_NP15_GEN-APND,ALL_APNODES,0,27.07775,5
2020-06-05T22:00:00-00:00,2020-06-05T23:00:00-00:00,2020-06-05,16,0,TH_NP15_GEN-APND,TH_NP15_GEN-APND,TH_NP15_GEN-APND,DAM,LMP,LMP_PRC,TH_NP15_GEN-APND,ALL_APNODES,0,19.3079,5
2020-06-05T15:00:00-00:00,2020-06-05T16:00:00-00:00,2020-06-05,9,0,TH_NP15_GEN-APND,TH_NP15_GEN-APND,TH_NP15_GEN-APND,DAM,LMP,LMP_PRC,TH_NP15_GEN-APND,ALL_APNODES,0,18.1097,5
2020-06-05T10:00:00-00:00,2020-06-05T11:00:00-00:00,2020-06-05,4,0,TH_NP15_GEN-APND,TH_NP15_GEN-APND,TH_NP15_GEN-APND,DAM,LMP,LMP_PRC,TH_NP15_GEN-APND,ALL_APNODES,0,23.79179,5
2020-06-05T11:00:00-00:00,2020-06-05T12:00:00-00:00,2020-06-05,5,0,TH_NP15_GEN-APND,TH_NP15_GEN-APND,TH_NP15_GEN-APND,DAM,LMP,LMP_PRC,TH_NP15_GEN-APND,ALL_APNODES,0,24.12603,5
2020-06-06T06:00:00-00:00,2020-06-06T07:00:00-00:00,2020-06-05,24,0,TH_NP15_GEN-APND,TH_NP15_GEN-APND,TH_NP15_GEN-APND,DAM,LMP,LMP_PRC,TH_NP15_GEN-APND,ALL_APNODES,0,23.49437,5
2020-06-05T23:00:00-00:00,2020-06-06T00:00:00-00:00,2020-06-05,17,0,TH_NP15_GEN-APND,TH_NP15_GEN-APND,TH_NP15_GEN-APND,DAM,LMP,LMP_PRC,TH_NP15_GEN-APND,ALL_APNODES,0,19.71195,5
2020-06-05T08:00:00-00:00,2020-06-05T09:00:00-00:00,2020-06-05,2,0,TH_NP15_GEN-APND,TH_NP15_GEN-APND,TH_NP15_GEN-APND,DAM,LMP,LMP_PRC,TH_NP15_GEN-APND,ALL_APNODES,0,26.42893,5
2020-06-06T01:00:00-00:00,2020-06-06T02:00:00-00:00,2020-06-05,19,0,TH_NP15_GEN-APND,TH_NP15_GEN-APND,TH_NP15_GEN-APND,DAM,LMP,LMP_PRC,TH_NP15_GEN-APND,ALL_APNODES,0,31.15654,5
2020-06-05T18:00:00-00:00,2020-06-05T19:00:00-00:00,2020-06-05,12,0,TH_NP15_GEN-APND,TH_NP15_GEN-APND,TH_NP15_GEN-APND,DAM,LMP,LMP_PRC,TH_NP15_GEN-APND,ALL_APNODES,0,17.21441,5
2020-06-05T13:00:00-00:00,2020-06-05T14:00:00-00:00,2020-06-05,7,0,TH_NP15_GEN-APND,TH_NP15_GEN-APND,TH_NP15_GEN-APND,DAM,LMP,LMP_PRC,TH_NP15_GEN-APND,ALL_APNODES,0,25.992,5
2020-06-05T09:00:00-00:00,2020-06-05T10:00:00-00:00,2020-06-05,3,0,TH_NP15_GEN-APND,TH_NP15_GEN-APND,TH_NP15_GEN-APND,DAM,LMP,LMP_PRC,TH_NP15_GEN-APND,ALL_APNODES,0,24.38394,5
2020-06-06T00:00:00-00:00,2020-06-06T01:00:00-00:00,2020-06-05,18,0,TH_NP15_GEN-APND,TH_NP15_GEN-APND,TH_NP15_GEN-APND,DAM,LMP,LMP_PRC,TH_NP15_GEN-APND,ALL_APNODES,0,23.47106,5
2020-06-05T09:00:00-00:00,2020-06-05T10:00:00-00:00,2020-06-05,3,0,TH_NP15_GEN-APND,TH_NP15_GEN-APND,TH_NP15_GEN-APND,DAM,MCC,LMP_CONG_PRC,TH_NP15_GEN-APND,ALL_APNODES,0,0,6
2020-06-06T06:00:00-00:00,2020-06-06T07:00:00-00:00,2020-06-05,24,0,TH_NP15_GEN-APND,TH_NP15_GEN-APND,TH_NP15_GEN-APND,DAM,MCC,LMP_CONG_PRC,TH_NP15_GEN-APND,ALL_APNODES,0,-0.50649,6
2020-06-06T03:00:00-00:00,2020-06-06T04:00:00-00:00,2020-06-05,21,0,TH_NP15_GEN-APND,TH_NP15_GEN-APND,TH_NP15_GEN-APND,DAM,MCC,LMP_CONG_PRC,TH_NP15_GEN-APND,ALL_APNODES,0,-0.29096,6
2020-06-05T19:00:00-00:00,2020-06-05T20:00:00-00:00,2020-06-05,13,0,TH_NP15_GEN-APND,TH_NP15_GEN-APND,TH_NP15_GEN-APND,DAM,MCC,LMP_CONG_PRC,TH_NP15_GEN-APND,ALL_APNODES,0,-0.05913,6
2020-06-05T16:00:00-00:00,2020-06-05T17:00:00-00:00,2020-06-05,10,0,TH_NP15_GEN-APND,TH_NP15_GEN-APND,TH_NP15_GEN-APND,DAM,MCC,LMP_CONG_PRC,TH_NP15_GEN-APND,ALL_APNODES,0,0,6
2020-06-05T10:00:00-00:00,2020-06-05T11:00:00-00:00,2020-06-05,4,0,TH_NP15_GEN-APND,TH_NP15_GEN-APND,TH_NP15_GEN-APND,DAM,MCC,LMP_CONG_PRC,TH_NP15_GEN-APND,ALL_APNODES,0,0,6
2020-06-06T04:00:00-00:00,2020-06-06T05:00:00-00:00,2020-06-05,22,0,TH_NP15_GEN-APND,TH_NP15_GEN-APND,TH_NP15_GEN-APND,DAM,MCC,LMP_CONG_PRC,TH_NP15_GEN-APND,ALL_APNODES,0,-0.01324,6
2020-06-05T17:00:00-00:00,2020-06-05T18:00:00-00:00,2020-06-05,11,0,TH_NP15_GEN-APND,TH_NP15_GEN-APND,TH_NP15_GEN-APND,DAM,MCC,LMP_CONG_PRC,TH_NP15_GEN-APND,ALL_APNODES,0,0,6
2020-06-05T21:00:00-00:00,2020-06-05T22:00:00-00:00,2020-06-05,15,0,TH_NP15_GEN-APND,TH_NP15_GEN-APND,TH_NP15_GEN-APND,DAM,MCC,LMP_CONG_PRC,TH_NP15_GEN-APND,ALL_APNODES,0,-0.42894,6
2020-06-05T07:00:00-00:00,2020-06-05T08:00:00-00:00,2020-06-05,1,0,TH_NP15_GEN-APND,TH_NP15_GEN-APND,TH_NP15_GEN-APND,DAM,MCC,LMP_CONG_PRC,TH_NP15_GEN-APND,ALL_APNODES,0,-0.0549,6
2020-06-05T14:00:00-00:00,2020-06-05T15:00:00-00:00,2020-06-05,8,0,TH_NP15_GEN-APND,TH_NP15_GEN-APND,TH_NP15_GEN-APND,DAM,MCC,LMP_CONG_PRC,TH_NP15_GEN-APND,ALL_APNODES,0,-0.11373,6
2020-06-05T23:00:00-00:00,2020-06-06T00:00:00-00:00,2020-06-05,17,0,TH_NP15_GEN-APND,TH_NP15_GEN-APND,TH_NP15_GEN-APND,DAM,MCC,LMP_CONG_PRC,TH_NP15_GEN-APND,ALL_APNODES,0,-0.91252,6
2020-06-05T18:00:00-00:00,2020-06-05T19:00:00-00:00,2020-06-05,12,0,TH_NP15_GEN-APND,TH_NP15_GEN-APND,TH_NP15_GEN-APND,DAM,MCC,LMP_CONG_PRC,TH_NP15_GEN-APND,ALL_APNODES,0,0,6
2020-06-05T15:00:00-00:00,2020-06-05T16:00:00-00:00,2020-06-05,9,0,TH_NP15_GEN-APND,TH_NP15_GEN-APND,TH_NP15_GEN-APND,DAM,MCC,LMP_CONG_PRC,TH_NP15_GEN-APND,ALL_APNODES,0,0,6
2020-06-05T12:00:00-00:00,2020-06-05T13:00:00-00:00,2020-06-05,6,0,TH_NP15_GEN-APND,TH_NP15_GEN-APND,TH_NP15_GEN-APND,DAM,MCC,LMP_CONG_PRC,TH_NP15_GEN-APND,ALL_APNODES,0,-0.0268,6
2020-06-05T11:00:00-00:00,2020-06-05T12:00:00-00:00,2020-06-05,5,0,TH_NP15_GEN-APND,TH_NP15_GEN-APND,TH_NP15_GEN-APND,DAM,MCC,LMP_CONG_PRC,TH_NP15_GEN-APND,ALL_APNODES,0,0,6
2020-06-06T02:00:00-00:00,2020-06-06T03:00:00-00:00,2020-06-05,20,0,TH_NP15_GEN-APND,TH_NP15_GEN-APND,TH_NP15_GEN-APND,DAM,MCC,LMP_CONG_PRC,TH_NP15_GEN-APND,ALL_APNODES,0,-1.01526,6
2020-06-06T01:00:00-00:00,2020-06-06T02:00:00-00:00,2020-06-05,19,0,TH_NP15_GEN-APND,TH_NP15_GEN-APND,TH_NP15_GEN-APND,DAM,MCC,LMP_CONG_PRC,TH_NP15_GEN-APND,ALL_APNODES,0,0.56603,6
2020-06-06T00:00:00-00:00,2020-06-06T01:00:00-00:00,2020-06-05,18,0,TH_NP15_GEN-APND,TH_NP15_GEN-APND,TH_NP15_GEN-APND,DAM,MCC,LMP_CONG_PRC,TH_NP15_GEN-APND,ALL_APNODES,0,-0.42911,6
2020-06-05T20:00:00-00:00,2020-06-05T21:00:00-00:00,2020-06-05,14,0,TH_NP15_GEN-APND,TH_NP15_GEN-APND,TH_NP15_GEN-APND,DAM,MCC,LMP_CONG_PRC,TH_NP15_GEN-APND,ALL_APNODES,0,-0.0823,6
2020-06-06T05:00:00-00:00,2020-06-06T06:00:00-00:00,2020-06-05,23,0,TH_NP15_GEN-APND,TH_NP15_GEN-APND,TH_NP15_GEN-APND,DAM,MCC,LMP_CONG_PRC,TH_NP15_GEN-APND,ALL_APNODES,0,-0.3273,6
2020-06-05T22:00:00-00:00,2020-06-05T23:00:00-00:00,2020-06-05,16,0,TH_NP15_GEN-APND,TH_NP15_GEN-APND,TH_NP15_GEN-APND,DAM,MCC,LMP_CONG_PRC,TH_NP15_GEN-APND,ALL_APNODES,0,-0.84276,6
2020-06-05T13:00:00-00:00,2020-06-05T14:00:00-00:00,2020-06-05,7,0,TH_NP15_GEN-APND,TH_NP15_GEN-APND,TH_NP15_GEN-APND,DAM,MCC,LMP_CONG_PRC,TH_NP15_GEN-APND,ALL_APNODES,0,0,6
2020-06-05T08:00:00-00:00,2020-06-05T09:00:00-00:00,2020-06-05,2,0,TH_NP15_GEN-APND,TH_NP15_GEN-APND,TH_NP15_GEN-APND,DAM,MCC,LMP_CONG_PRC,TH_NP15_GEN-APND,ALL_APNODES,0,0,6
2020-06-05T16:00:00-00:00,2020-06-05T17:00:00-00:00,2020-06-05,10,0,TH_NP15_GEN-APND,TH_NP15_GEN-APND,TH_NP15_GEN-APND,DAM,MCE,LMP_ENE_PRC,TH_NP15_GEN-APND,ALL_APNODES,0,18.85457,7
2020-06-06T03:00:00-00:00,2020-06-06T04:00:00-00:00,2020-06-05,21,0,TH_NP15_GEN-APND,TH_NP15_GEN-APND,TH_NP15_GEN-APND,DAM,MCE,LMP_ENE_PRC,TH_NP15_GEN-APND,ALL_APNODES,0,37.51658,7
2020-06-06T06:00:00-00:00,2020-06-06T07:00:00-00:00,2020-06-05,24,0,TH_NP15_GEN-APND,TH_NP15_GEN-APND,TH_NP15_GEN-APND,DAM,MCE,LMP_ENE_PRC,TH_NP15_GEN-APND,ALL_APNODES,0,24.79172,7
2020-06-05T21:00:00-00:00,2020-06-05T22:00:00-00:00,2020-06-05,15,0,TH_NP15_GEN-APND,TH_NP15_GEN-APND,TH_NP15_GEN-APND,DAM,MCE,LMP_ENE_PRC,TH_NP15_GEN-APND,ALL_APNODES,0,18.98625,7
2020-06-05T23:00:00-00:00,2020-06-06T00:00:00-00:00,2020-06-05,17,0,TH_NP15_GEN-APND,TH_NP15_GEN-APND,TH_NP15_GEN-APND,DAM,MCE,LMP_ENE_PRC,TH_NP15_GEN-APND,ALL_APNODES,0,21.24045,7
2020-06-06T02:00:00-00:00,2020-06-06T03:00:00-00:00,2020-06-05,20,0,TH_NP15_GEN-APND,TH_NP15_GEN-APND,TH_NP15_GEN-APND,DAM,MCE,LMP_ENE_PRC,TH_NP15_GEN-APND,ALL_APNODES,0,45.64862,7
2020-06-05T13:00:00-00:00,2020-06-05T14:00:00-00:00,2020-06-05,7,0,TH_NP15_GEN-APND,TH_NP15_GEN-APND,TH_NP15_GEN-APND,DAM,MCE,LMP_ENE_PRC,TH_NP15_GEN-APND,ALL_APNODES,0,26.65027,7
2020-06-05T17:00:00-00:00,2020-06-05T18:00:00-00:00,2020-06-05,11,0,TH_NP15_GEN-APND,TH_NP15_GEN-APND,TH_NP15_GEN-APND,DAM,MCE,LMP_ENE_PRC,TH_NP15_GEN-APND,ALL_APNODES,0,17.72045,7
2020-06-06T00:00:00-00:00,2020-06-06T01:00:00-00:00,2020-06-05,18,0,TH_NP15_GEN-APND,TH_NP15_GEN-APND,TH_NP15_GEN-APND,DAM,MCE,LMP_ENE_PRC,TH_NP15_GEN-APND,ALL_APNODES,0,24.99234,7
2020-06-06T05:00:00-00:00,2020-06-06T06:00:00-00:00,2020-06-05,23,0,TH_NP15_GEN-APND,TH_NP15_GEN-APND,TH_NP15_GEN-APND,DAM,MCE,LMP_ENE_PRC,TH_NP15_GEN-APND,ALL_APNODES,0,26.11814,7
2020-06-05T11:00:00-00:00,2020-06-05T12:00:00-00:00,2020-06-05,5,0,TH_NP15_GEN-APND,TH_NP15_GEN-APND,TH_NP15_GEN-APND,DAM,MCE,LMP_ENE_PRC,TH_NP15_GEN-APND,ALL_APNODES,0,24.7117,7
2020-06-05T12:00:00-00:00,2020-06-05T13:00:00-00:00,2020-06-05,6,0,TH_NP15_GEN-APND,TH_NP15_GEN-APND,TH_NP15_GEN-APND,DAM,MCE,LMP_ENE_PRC,TH_NP15_GEN-APND,ALL_APNODES,0,27.64183,7
2020-06-05T15:00:00-00:00,2020-06-05T16:00:00-00:00,2020-06-05,9,0,TH_NP15_GEN-APND,TH_NP15_GEN-APND,TH_NP15_GEN-APND,DAM,MCE,LMP_ENE_PRC,TH_NP15_GEN-APND,ALL_APNODES,0,18.63905,7
2020-06-05T22:00:00-00:00,2020-06-05T23:00:00-00:00,2020-06-05,16,0,TH_NP15_GEN-APND,TH_NP15_GEN-APND,TH_NP15_GEN-APND,DAM,MCE,LMP_ENE_PRC,TH_NP15_GEN-APND,ALL_APNODES,0,20.81895,7
2020-06-05T08:00:00-00:00,2020-06-05T09:00:00-00:00,2020-06-05,2,0,TH_NP15_GEN-APND,TH_NP15_GEN-APND,TH_NP15_GEN-APND,DAM,MCE,LMP_ENE_PRC,TH_NP15_GEN-APND,ALL_APNODES,0,27.08437,7
2020-06-05T09:00:00-00:00,2020-06-05T10:00:00-00:00,2020-06-05,3,0,TH_NP15_GEN-APND,TH_NP15_GEN-APND,TH_NP15_GEN-APND,DAM,MCE,LMP_ENE_PRC,TH_NP15_GEN-APND,ALL_APNODES,0,24.86381,7
2020-06-06T01:00:00-00:00,2020-06-06T02:00:00-00:00,2020-06-05,19,0,TH_NP15_GEN-APND,TH_NP15_GEN-APND,TH_NP15_GEN-APND,DAM,MCE,LMP_ENE_PRC,TH_NP15_GEN-APND,ALL_APNODES,0,32.40177,7
2020-06-05T10:00:00-00:00,2020-06-05T11:00:00-00:00,2020-06-05,4,0,TH_NP15_GEN-APND,TH_NP15_GEN-APND,TH_NP15_GEN-APND,DAM,MCE,LMP_ENE_PRC,TH_NP15_GEN-APND,ALL_APNODES,0,24.22296,7
2020-06-05T18:00:00-00:00,2020-06-05T19:00:00-00:00,2020-06-05,12,0,TH_NP15_GEN-APND,TH_NP15_GEN-APND,TH_NP15_GEN-APND,DAM,MCE,LMP_ENE_PRC,TH_NP15_GEN-APND,ALL_APNODES,0,17.75048,7
2020-06-05T14:00:00-00:00,2020-06-05T15:00:00-00:00,2020-06-05,8,0,TH_NP15_GEN-APND,TH_NP15_GEN-APND,TH_NP15_GEN-APND,DAM,MCE,LMP_ENE_PRC,TH_NP15_GEN-APND,ALL_APNODES,0,22.24674,7
2020-06-05T19:00:00-00:00,2020-06-05T20:00:00-00:00,2020-06-05,13,0,TH_NP15_GEN-APND,TH_NP15_GEN-APND,TH_NP15_GEN-APND,DAM,MCE,LMP_ENE_PRC,TH_NP15_GEN-APND,ALL_APNODES,0,16.91489,7
2020-06-05T20:00:00-00:00,2020-06-05T21:00:00-00:00,2020-06-05,14,0,TH_NP15_GEN-APND,TH_NP15_GEN-APND,TH_NP15_GEN-APND,DAM,MCE,LMP_ENE_PRC,TH_NP15_GEN-APND,ALL_APNODES,0,17.83125,7
2020-06-06T04:00:00-00:00,2020-06-06T05:00:00-00:00,2020-06-05,22,0,TH_NP15_GEN-APND,TH_NP15_GEN-APND,TH_NP15_GEN-APND,DAM,MCE,LMP_ENE_PRC,TH_NP15_GEN-APND,ALL_APNODES,0,31.43589,7
2020-06-05T07:00:00-00:00,2020-06-05T08:00:00-00:00,2020-06-05,1,0,TH_NP15_GEN-APND,TH_NP15_GEN-APND,TH_NP15_GEN-APND,DAM,MCE,LMP_ENE_PRC,TH_NP15_GEN-APND,ALL_APNODES,0,27.90276,7
2020-06-05T09:00:00-00:00,2020-06-05T10:00:00-00:00,2020-06-05,3,0,TH_NP15_GEN-APND,TH_NP15_GEN-APND,TH_NP15_GEN-APND,DAM,MCL,LMP_LOSS_PRC,TH_NP15_GEN-APND,ALL_APNODES,0,-0.47987,8
2020-06-05T23:00:00-00:00,2020-06-06T00:00:00-00:00,2020-06-05,17,0,TH_NP15_GEN-APND,TH_NP15_GEN-APND,TH_NP15_GEN-APND,DAM,MCL,LMP_LOSS_PRC,TH_NP15_GEN-APND,ALL_APNODES,0,-0.61597,8
2020-06-05T10:00:00-00:00,2020-06-05T11:00:00-00:00,2020-06-05,4,0,TH_NP15_GEN-APND,TH_NP15_GEN-APND,TH_NP15_GEN-APND,DAM,MCL,LMP_LOSS_PRC,TH_NP15_GEN-APND,ALL_APNODES,0,-0.43117,8
2020-06-05T16:00:00-00:00,2020-06-05T17:00:00-00:00,2020-06-05,10,0,TH_NP15_GEN-APND,TH_NP15_GEN-APND,TH_NP15_GEN-APND,DAM,MCL,LMP_LOSS_PRC,TH_NP15_GEN-APND,ALL_APNODES,0,-0.52981,8
2020-06-05T11:00:00-00:00,2020-06-05T12:00:00-00:00,2020-06-05,5,0,TH_NP15_GEN-APND,TH_NP15_GEN-APND,TH_NP15_GEN-APND,DAM,MCL,LMP_LOSS_PRC,TH_NP15_GEN-APND,ALL_APNODES,0,-0.58567,8
2020-06-05T15:00:00-00:00,2020-06-05T16:00:00-00:00,2020-06-05,9,0,TH_NP15_GEN-APND,TH_NP15_GEN-APND,TH_NP15_GEN-APND,DAM,MCL,LMP_LOSS_PRC,TH_NP15_GEN-APND,ALL_APNODES,0,-0.52935,8
2020-06-05T18:00:00-00:00,2020-06-05T19:00:00-00:00,2020-06-05,12,0,TH_NP15_GEN-APND,TH_NP15_GEN-APND,TH_NP15_GEN-APND,DAM,MCL,LMP_LOSS_PRC,TH_NP15_GEN-APND,ALL_APNODES,0,-0.53606,8
2020-06-06T00:00:00-00:00,2020-06-06T01:00:00-00:00,2020-06-05,18,0,TH_NP15_GEN-APND,TH_NP15_GEN-APND,TH_NP15_GEN-APND,DAM,MCL,LMP_LOSS_PRC,TH_NP15_GEN-APND,ALL_APNODES,0,-1.09217,8
2020-06-06T01:00:00-00:00,2020-06-06T02:00:00-00:00,2020-06-05,19,0,TH_NP15_GEN-APND,TH_NP15_GEN-APND,TH_NP15_GEN-APND,DAM,MCL,LMP_LOSS_PRC,TH_NP15_GEN-APND,ALL_APNODES,0,-1.81126,8
2020-06-06T04:00:00-00:00,2020-06-06T05:00:00-00:00,2020-06-05,22,0,TH_NP15_GEN-APND,TH_NP15_GEN-APND,TH_NP15_GEN-APND,DAM,MCL,LMP_LOSS_PRC,TH_NP15_GEN-APND,ALL_APNODES,0,-1.65353,8
2020-06-05T12:00:00-00:00,2020-06-05T13:00:00-00:00,2020-06-05,6,0,TH_NP15_GEN-APND,TH_NP15_GEN-APND,TH_NP15_GEN-APND,DAM,MCL,LMP_LOSS_PRC,TH_NP15_GEN-APND,ALL_APNODES,0,-0.78503,8
2020-06-05T21:00:00-00:00,2020-06-05T22:00:00-00:00,2020-06-05,15,0,TH_NP15_GEN-APND,TH_NP15_GEN-APND,TH_NP15_GEN-APND,DAM,MCL,LMP_LOSS_PRC,TH_NP15_GEN-APND,ALL_APNODES,0,-0.51643,8
2020-06-06T02:00:00-00:00,2020-06-06T03:00:00-00:00,2020-06-05,20,0,TH_NP15_GEN-APND,TH_NP15_GEN-APND,TH_NP15_GEN-APND,DAM,MCL,LMP_LOSS_PRC,TH_NP15_GEN-APND,ALL_APNODES,0,-2.41481,8
2020-06-05T17:00:00-00:00,2020-06-05T18:00:00-00:00,2020-06-05,11,0,TH_NP15_GEN-APND,TH_NP15_GEN-APND,TH_NP15_GEN-APND,DAM,MCL,LMP_LOSS_PRC,TH_NP15_GEN-APND,ALL_APNODES,0,-0.53161,8
2020-06-06T03:00:00-00:00,2020-06-06T04:00:00-00:00,2020-06-05,21,0,TH_NP15_GEN-APND,TH_NP15_GEN-APND,TH_NP15_GEN-APND,DAM,MCL,LMP_LOSS_PRC,TH_NP15_GEN-APND,ALL_APNODES,0,-2.02965,8
2020-06-06T05:00:00-00:00,2020-06-06T06:00:00-00:00,2020-06-05,23,0,TH_NP15_GEN-APND,TH_NP15_GEN-APND,TH_NP15_GEN-APND,DAM,MCL,LMP_LOSS_PRC,TH_NP15_GEN-APND,ALL_APNODES,0,-0.91936,8
2020-06-05T07:00:00-00:00,2020-06-05T08:00:00-00:00,2020-06-05,1,0,TH_NP15_GEN-APND,TH_NP15_GEN-APND,TH_NP15_GEN-APND,DAM,MCL,LMP_LOSS_PRC,TH_NP15_GEN-APND,ALL_APNODES,0,-0.77012,8
2020-06-05T08:00:00-00:00,2020-06-05T09:00:00-00:00,2020-06-05,2,0,TH_NP15_GEN-APND,TH_NP15_GEN-APND,TH_NP15_GEN-APND,DAM,MCL,LMP_LOSS_PRC,TH_NP15_GEN-APND,ALL_APNODES,0,-0.65544,8
2020-06-05T14:00:00-00:00,2020-06-05T15:00:00-00:00,2020-06-05,8,0,TH_NP15_GEN-APND,TH_NP15_GEN-APND,TH_NP15_GEN-APND,DAM,MCL,LMP_LOSS_PRC,TH_NP15_GEN-APND,ALL_APNODES,0,-0.61179,8
2020-06-05T19:00:00-00:00,2020-06-05T20:00:00-00:00,2020-06-05,13,0,TH_NP15_GEN-APND,TH_NP15_GEN-APND,TH_NP15_GEN-APND,DAM,MCL,LMP_LOSS_PRC,TH_NP15_GEN-APND,ALL_APNODES,0,-0.43302,8
2020-06-05T13:00:00-00:00,2020-06-05T14:00:00-00:00,2020-06-05,7,0,TH_NP15_GEN-APND,TH_NP15_GEN-APND,TH_NP15_GEN-APND,DAM,MCL,LMP_LOSS_PRC,TH_NP15_GEN-APND,ALL_APNODES,0,-0.65826,8
2020-06-05T20:00:00-00:00,2020-06-05T21:00:00-00:00,2020-06-05,14,0,TH_NP15_GEN-APND,TH_NP15_GEN-APND,TH_NP15_GEN-APND,DAM,MCL,LMP_LOSS_PRC,TH_NP15_GEN-APND,ALL_APNODES,0,-0.42973,8
2020-06-05T22:00:00-00:00,2020-06-05T23:00:00-00:00,2020-06-05,16,0,TH_NP15_GEN-APND,TH_NP15_GEN-APND,TH_NP15_GEN-APND,DAM,MCL,LMP_LOSS_PRC,TH_NP15_GEN-APND,ALL_APNODES,0,-0.66829,8
2020-06-06T06:00:00-00:00,2020-06-06T07:00:00-00:00,2020-06-05,24,0,TH_NP15_GEN-APND,TH_NP15_GEN-APND,TH_NP15_GEN-APND,DAM,MCL,LMP_LOSS_PRC,TH_NP15_GEN-APND,ALL_APNODES,0,-0.79086,8
2020-06-05T12:00:00-00:00,2020-06-05T13:00:00-00:00,2020-06-05,6,0,TH_SP15_GEN-APND,TH_SP15_GEN-APND,TH_SP15_GEN-APND,DAM,LMP,LMP_PRC,TH_SP15_GEN-APND,ALL_APNODES,0,26.58315,9
2020-06-06T02:00:00-00:00,2020-06-06T03:00:00-00:00,2020-06-05,20,0,TH_SP15_GEN-APND,TH_SP15_GEN-APND,TH_SP15_GEN-APND,DAM,LMP,LMP_PRC,TH_SP15_GEN-APND,ALL_APNODES,0,44.52566,9
2020-06-06T05:00:00-00:00,2020-06-06T06:00:00-00:00,2020-06-05,23,0,TH_SP15_GEN-APND,TH_SP15_GEN-APND,TH_SP15_GEN-APND,DAM,LMP,LMP_PRC,TH_SP15_GEN-APND,ALL_APNODES,0,25.12826,9
2020-06-05T09:00:00-00:00,2020-06-05T10:00:00-00:00,2020-06-05,3,0,TH_SP15_GEN-APND,TH_SP15_GEN-APND,TH_SP15_GEN-APND,DAM,LMP,LMP_PRC,TH_SP15_GEN-APND,ALL_APNODES,0,23.69272,9
2020-06-05T10:00:00-00:00,2020-06-05T11:00:00-00:00,2020-06-05,4,0,TH_SP15_GEN-APND,TH_SP15_GEN-APND,TH_SP15_GEN-APND,DAM,LMP,LMP_PRC,TH_SP15_GEN-APND,ALL_APNODES,0,23.1523,9
2020-06-05T15:00:00-00:00,2020-06-05T16:00:00-00:00,2020-06-05,9,0,TH_SP15_GEN-APND,TH_SP15_GEN-APND,TH_SP15_GEN-APND,DAM,LMP,LMP_PRC,TH_SP15_GEN-APND,ALL_APNODES,0,17.79561,9
2020-06-05T21:00:00-00:00,2020-06-05T22:00:00-00:00,2020-06-05,15,0,TH_SP15_GEN-APND,TH_SP15_GEN-APND,TH_SP15_GEN-APND,DAM,LMP,LMP_PRC,TH_SP15_GEN-APND,ALL_APNODES,0,16.76558,9
2020-06-05T22:00:00-00:00,2020-06-05T23:00:00-00:00,2020-06-05,16,0,TH_SP15_GEN-APND,TH_SP15_GEN-APND,TH_SP15_GEN-APND,DAM,LMP,LMP_PRC,TH_SP15_GEN-APND,ALL_APNODES,0,19.69011,9
2020-06-05T07:00:00-00:00,2020-06-05T08:00:00-00:00,2020-06-05,1,0,TH_SP15_GEN-APND,TH_SP15_GEN-APND,TH_SP15_GEN-APND,DAM,LMP,LMP_PRC,TH_SP15_GEN-APND,ALL_APNODES,0,26.64155,9
2020-06-05T20:00:00-00:00,2020-06-05T21:00:00-00:00,2020-06-05,14,0,TH_SP15_GEN-APND,TH_SP15_GEN-APND,TH_SP15_GEN-APND,DAM,LMP,LMP_PRC,TH_SP15_GEN-APND,ALL_APNODES,0,16.07898,9
2020-06-05T08:00:00-00:00,2020-06-05T09:00:00-00:00,2020-06-05,2,0,TH_SP15_GEN-APND,TH_SP15_GEN-APND,TH_SP15_GEN-APND,DAM,LMP,LMP_PRC,TH_SP15_GEN-APND,ALL_APNODES,0,25.76536,9
2020-06-05T17:00:00-00:00,2020-06-05T18:00:00-00:00,2020-06-05,11,0,TH_SP15_GEN-APND,TH_SP15_GEN-APND,TH_SP15_GEN-APND,DAM,LMP,LMP_PRC,TH_SP15_GEN-APND,ALL_APNODES,0,15.04571,9
2020-06-06T00:00:00-00:00,2020-06-06T01:00:00-00:00,2020-06-05,18,0,TH_SP15_GEN-APND,TH_SP15_GEN-APND,TH_SP15_GEN-APND,DAM,LMP,LMP_PRC,TH_SP15_GEN-APND,ALL_APNODES,0,23.568,9
2020-06-05T14:00:00-00:00,2020-06-05T15:00:00-00:00,2020-06-05,8,0,TH_SP15_GEN-APND,TH_SP15_GEN-APND,TH_SP15_GEN-APND,DAM,LMP,LMP_PRC,TH_SP15_GEN-APND,ALL_APNODES,0,21.51927,9
2020-06-05T18:00:00-00:00,2020-06-05T19:00:00-00:00,2020-06-05,12,0,TH_SP15_GEN-APND,TH_SP15_GEN-APND,TH_SP15_GEN-APND,DAM,LMP,LMP_PRC,TH_SP15_GEN-APND,ALL_APNODES,0,16.59851,9
2020-06-05T19:00:00-00:00,2020-06-05T20:00:00-00:00,2020-06-05,13,0,TH_SP15_GEN-APND,TH_SP15_GEN-APND,TH_SP15_GEN-APND,DAM,LMP,LMP_PRC,TH_SP15_GEN-APND,ALL_APNODES,0,14.53786,9
2020-06-05T23:00:00-00:00,2020-06-06T00:00:00-00:00,2020-06-05,17,0,TH_SP15_GEN-APND,TH_SP15_GEN-APND,TH_SP15_GEN-APND,DAM,LMP,LMP_PRC,TH_SP15_GEN-APND,ALL_APNODES,0,19.68246,9
2020-06-05T11:00:00-00:00,2020-06-05T12:00:00-00:00,2020-06-05,5,0,TH_SP15_GEN-APND,TH_SP15_GEN-APND,TH_SP15_GEN-APND,DAM,LMP,LMP_PRC,TH_SP15_GEN-APND,ALL_APNODES,0,23.67133,9
2020-06-05T13:00:00-00:00,2020-06-05T14:00:00-00:00,2020-06-05,7,0,TH_SP15_GEN-APND,TH_SP15_GEN-APND,TH_SP15_GEN-APND,DAM,LMP,LMP_PRC,TH_SP15_GEN-APND,ALL_APNODES,0,25.76015,9
2020-06-06T01:00:00-00:00,2020-06-06T02:00:00-00:00,2020-06-05,19,0,TH_SP15_GEN-APND,TH_SP15_GEN-APND,TH_SP15_GEN-APND,DAM,LMP,LMP_PRC,TH_SP15_GEN-APND,ALL_APNODES,0,29.98704,9
2020-06-06T03:00:00-00:00,2020-06-06T04:00:00-00:00,2020-06-05,21,0,TH_SP15_GEN-APND,TH_SP15_GEN-APND,TH_SP15_GEN-APND,DAM,LMP,LMP_PRC,TH_SP15_GEN-APND,ALL_APNODES,0,36.77,9
2020-06-05T16:00:00-00:00,2020-06-05T17:00:00-00:00,2020-06-05,10,0,TH_SP15_GEN-APND,TH_SP15_GEN-APND,TH_SP15_GEN-APND,DAM,LMP,LMP_PRC,TH_SP15_GEN-APND,ALL_APNODES,0,15.67076,9
2020-06-06T04:00:00-00:00,2020-06-06T05:00:00-00:00,2020-06-05,22,0,TH_SP15_GEN-APND,TH_SP15_GEN-APND,TH_SP15_GEN-APND,DAM,LMP,LMP_PRC,TH_SP15_GEN-APND,ALL_APNODES,0,30.65,9
2020-06-06T06:00:00-00:00,2020-06-06T07:00:00-00:00,2020-06-05,24,0,TH_SP15_GEN-APND,TH_SP15_GEN-APND,TH_SP15_GEN-APND,DAM,LMP,LMP_PRC,TH_SP15_GEN-APND,ALL_APNODES,0,22.73996,9
2020-06-05T22:00:00-00:00,2020-06-05T23:00:00-00:00,2020-06-05,16,0,TH_SP15_GEN-APND,TH_SP15_GEN-APND,TH_SP15_GEN-APND,DAM,MCC,LMP_CONG_PRC,TH_SP15_GEN-APND,ALL_APNODES,0,-0.18158,10
2020-06-05T13:00:00-00:00,2020-06-05T14:00:00-00:00,2020-06-05,7,0,TH_SP15_GEN-APND,TH_SP15_GEN-APND,TH_SP15_GEN-APND,DAM,MCC,LMP_CONG_PRC,TH_SP15_GEN-APND,ALL_APNODES,0,0,10
2020-06-05T16:00:00-00:00,2020-06-05T17:00:00-00:00,2020-06-05,10,0,TH_SP15_GEN-APND,TH_SP15_GEN-APND,TH_SP15_GEN-APND,DAM,MCC,LMP_CONG_PRC,TH_SP15_GEN-APND,ALL_APNODES,0,-2.48996,10
2020-06-05T21:00:00-00:00,2020-06-05T22:00:00-00:00,2020-06-05,15,0,TH_SP15_GEN-APND,TH_SP15_GEN-APND,TH_SP15_GEN-APND,DAM,MCC,LMP_CONG_PRC,TH_SP15_GEN-APND,ALL_APNODES,0,-1.41755,10
2020-06-06T04:00:00-00:00,2020-06-06T05:00:00-00:00,2020-06-05,22,0,TH_SP15_GEN-APND,TH_SP15_GEN-APND,TH_SP15_GEN-APND,DAM,MCC,LMP_CONG_PRC,TH_SP15_GEN-APND,ALL_APNODES,0,0,10
2020-06-05T08:00:00-00:00,2020-06-05T09:00:00-00:00,2020-06-05,2,0,TH_SP15_GEN-APND,TH_SP15_GEN-APND,TH_SP15_GEN-APND,DAM,MCC,LMP_CONG_PRC,TH_SP15_GEN-APND,ALL_APNODES,0,0,10
2020-06-05T14:00:00-00:00,2020-06-05T15:00:00-00:00,2020-06-05,8,0,TH_SP15_GEN-APND,TH_SP15_GEN-APND,TH_SP15_GEN-APND,DAM,MCC,LMP_CONG_PRC,TH_SP15_GEN-APND,ALL_APNODES,0,0,10
2020-06-05T19:00:00-00:00,2020-06-05T20:00:00-00:00,2020-06-05,13,0,TH_SP15_GEN-APND,TH_SP15_GEN-APND,TH_SP15_GEN-APND,DAM,MCC,LMP_CONG_PRC,TH_SP15_GEN-APND,ALL_APNODES,0,-1.5296,10
2020-06-05T15:00:00-00:00,2020-06-05T16:00:00-00:00,2020-06-05,9,0,TH_SP15_GEN-APND,TH_SP15_GEN-APND,TH_SP15_GEN-APND,DAM,MCC,LMP_CONG_PRC,TH_SP15_GEN-APND,ALL_APNODES,0,-0.21717,10
2020-06-05T17:00:00-00:00,2020-06-05T18:00:00-00:00,2020-06-05,11,0,TH_SP15_GEN-APND,TH_SP15_GEN-APND,TH_SP15_GEN-APND,DAM,MCC,LMP_CONG_PRC,TH_SP15_GEN-APND,ALL_APNODES,0,-2.01199,10
2020-06-05T18:00:00-00:00,2020-06-05T19:00:00-00:00,2020-06-05,12,0,TH_SP15_GEN-APND,TH_SP15_GEN-APND,TH_SP15_GEN-APND,DAM,MCC,LMP_CONG_PRC,TH_SP15_GEN-APND,ALL_APNODES,0,-0.4171,10
2020-06-05T20:00:00-00:00,2020-06-05T21:00:00-00:00,2020-06-05,14,0,TH_SP15_GEN-APND,TH_SP15_GEN-APND,TH_SP15_GEN-APND,DAM,MCC,LMP_CONG_PRC,TH_SP15_GEN-APND,ALL_APNODES,0,-0.93917,10
2020-06-05T23:00:00-00:00,2020-06-06T00:00:00-00:00,2020-06-05,17,0,TH_SP15_GEN-APND,TH_SP15_GEN-APND,TH_SP15_GEN-APND,DAM,MCC,LMP_CONG_PRC,TH_SP15_GEN-APND,ALL_APNODES,0,-0.54481,10
2020-06-06T00:00:00-00:00,2020-06-06T01:00:00-00:00,2020-06-05,18,0,TH_SP15_GEN-APND,TH_SP15_GEN-APND,TH_SP15_GEN-APND,DAM,MCC,LMP_CONG_PRC,TH_SP15_GEN-APND,ALL_APNODES,0,-0.53211,10
2020-06-06T02:00:00-00:00,2020-06-06T03:00:00-00:00,2020-06-05,20,0,TH_SP15_GEN-APND,TH_SP15_GEN-APND,TH_SP15_GEN-APND,DAM,MCC,LMP_CONG_PRC,TH_SP15_GEN-APND,ALL_APNODES,0,0,10
2020-06-05T10:00:00-00:00,2020-06-05T11:00:00-00:00,2020-06-05,4,0,TH_SP15_GEN-APND,TH_SP15_GEN-APND,TH_SP15_GEN-APND,DAM,MCC,LMP_CONG_PRC,TH_SP15_GEN-APND,ALL_APNODES,0,0,10
2020-06-06T03:00:00-00:00,2020-06-06T04:00:00-00:00,2020-06-05,21,0,TH_SP15_GEN-APND,TH_SP15_GEN-APND,TH_SP15_GEN-APND,DAM,MCC,LMP_CONG_PRC,TH_SP15_GEN-APND,ALL_APNODES,0,0,10
2020-06-05T12:00:00-00:00,2020-06-05T13:00:00-00:00,2020-06-05,6,0,TH_SP15_GEN-APND,TH_SP15_GEN-APND,TH_SP15_GEN-APND,DAM,MCC,LMP_CONG_PRC,TH_SP15_GEN-APND,ALL_APNODES,0,0,10
2020-06-06T01:00:00-00:00,2020-06-06T02:00:00-00:00,2020-06-05,19,0,TH_SP15_GEN-APND,TH_SP15_GEN-APND,TH_SP15_GEN-APND,DAM,MCC,LMP_CONG_PRC,TH_SP15_GEN-APND,ALL_APNODES,0,-1.47507,10
2020-06-06T06:00:00-00:00,2020-06-06T07:00:00-00:00,2020-06-05,24,0,TH_SP15_GEN-APND,TH_SP15_GEN-APND,TH_SP15_GEN-APND,DAM,MCC,LMP_CONG_PRC,TH_SP15_GEN-APND,ALL_APNODES,0,-1.0948,10
2020-06-05T11:00:00-00:00,2020-06-05T12:00:00-00:00,2020-06-05,5,0,TH_SP15_GEN-APND,TH_SP15_GEN-APND,TH_SP15_GEN-APND,DAM,MCC,LMP_CONG_PRC,TH_SP15_GEN-APND,ALL_APNODES,0,0,10
2020-06-06T05:00:00-00:00,2020-06-06T06:00:00-00:00,2020-06-05,23,0,TH_SP15_GEN-APND,TH_SP15_GEN-APND,TH_SP15_GEN-APND,DAM,MCC,LMP_CONG_PRC,TH_SP15_GEN-APND,ALL_APNODES,0,0,10
2020-06-05T09:00:00-00:00,2020-06-05T10:00:00-00:00,2020-06-05,3,0,TH_SP15_GEN-APND,TH_SP15_GEN-APND,TH_SP15_GEN-APND,DAM,MCC,LMP_CONG_PRC,TH_SP15_GEN-APND,ALL_APNODES,0,0,10
2020-06-05T07:00:00-00:00,2020-06-05T08:00:00-00:00,2020-06-05,1,0,TH_SP15_GEN-APND,TH_SP15_GEN-APND,TH_SP15_GEN-APND,DAM,MCC,LMP_CONG_PRC,TH_SP15_GEN-APND,ALL_APNODES,0,0,10
2020-06-05T10:00:00-00:00,2020-06-05T11:00:00-00:00,2020-06-05,4,0,TH_SP15_GEN-APND,TH_SP15_GEN-APND,TH_SP15_GEN-APND,DAM,MCE,LMP_ENE_PRC,TH_SP15_GEN-APND,ALL_APNODES,0,24.22296,11
2020-06-05T11:00:00-00:00,2020-06-05T12:00:00-00:00,2020-06-05,5,0,TH_SP15_GEN-APND,TH_SP15_GEN-APND,TH_SP15_GEN-APND,DAM,MCE,LMP_ENE_PRC,TH_SP15_GEN-APND,ALL_APNODES,0,24.7117,11
2020-06-05T17:00:00-00:00,2020-06-05T18:00:00-00:00,2020-06-05,11,0,TH_SP15_GEN-APND,TH_SP15_GEN-APND,TH_SP15_GEN-APND,DAM,MCE,LMP_ENE_PRC,TH_SP15_GEN-APND,ALL_APNODES,0,17.72045,11
2020-06-06T02:00:00-00:00,2020-06-06T03:00:00-00:00,2020-06-05,20,0,TH_SP15_GEN-APND,TH_SP15_GEN-APND,TH_SP15_GEN-APND,DAM,MCE,LMP_ENE_PRC,TH_SP15_GEN-APND,ALL_APNODES,0,45.64862,11
2020-06-06T04:00:00-00:00,2020-06-06T05:00:00-00:00,2020-06-05,22,0,TH_SP15_GEN-APND,TH_SP15_GEN-APND,TH_SP15_GEN-APND,DAM,MCE,LMP_ENE_PRC,TH_SP15_GEN-APND,ALL_APNODES,0,31.43589,11
2020-06-05T13:00:00-00:00,2020-06-05T14:00:00-00:00,2020-06-05,7,0,TH_SP15_GEN-APND,TH_SP15_GEN-APND,TH_SP15_GEN-APND,DAM,MCE,LMP_ENE_PRC,TH_SP15_GEN-APND,ALL_APNODES,0,26.65027,11
2020-06-05T19:00:00-00:00,2020-06-05T20:00:00-00:00,2020-06-05,13,0,TH_SP15_GEN-APND,TH_SP15_GEN-APND,TH_SP15_GEN-APND,DAM,MCE,LMP_ENE_PRC,TH_SP15_GEN-APND,ALL_APNODES,0,16.91489,11
2020-06-05T20:00:00-00:00,2020-06-05T21:00:00-00:00,2020-06-05,14,0,TH_SP15_GEN-APND,TH_SP15_GEN-APND,TH_SP15_GEN-APND,DAM,MCE,LMP_ENE_PRC,TH_SP15_GEN-APND,ALL_APNODES,0,17.83125,11
2020-06-06T01:00:00-00:00,2020-06-06T02:00:00-00:00,2020-06-05,19,0,TH_SP15_GEN-APND,TH_SP15_GEN-APND,TH_SP15_GEN-APND,DAM,MCE,LMP_ENE_PRC,TH_SP15_GEN-APND,ALL_APNODES,0,32.40177,11
2020-06-05T07:00:00-00:00,2020-06-05T08:00:00-00:00,2020-06-05,1,0,TH_SP15_GEN-APND,TH_SP15_GEN-APND,TH_SP15_GEN-APND,DAM,MCE,LMP_ENE_PRC,TH_SP15_GEN-APND,ALL_APNODES,0,27.90276,11
2020-06-05T21:00:00-00:00,2020-06-05T22:00:00-00:00,2020-06-05,15,0,TH_SP15_GEN-APND,TH_SP15_GEN-APND,TH_SP15_GEN-APND,DAM,MCE,LMP_ENE_PRC,TH_SP15_GEN-APND,ALL_APNODES,0,18.98625,11
2020-06-05T22:00:00-00:00,2020-06-05T23:00:00-00:00,2020-06-05,16,0,TH_SP15_GEN-APND,TH_SP15_GEN-APND,TH_SP15_GEN-APND,DAM,MCE,LMP_ENE_PRC,TH_SP15_GEN-APND,ALL_APNODES,0,20.81895,11
2020-06-05T23:00:00-00:00,2020-06-06T00:00:00-00:00,2020-06-05,17,0,TH_SP15_GEN-APND,TH_SP15_GEN-APND,TH_SP15_GEN-APND,DAM,MCE,LMP_ENE_PRC,TH_SP15_GEN-APND,ALL_APNODES,0,21.24045,11
2020-06-05T12:00:00-00:00,2020-06-05T13:00:00-00:00,2020-06-05,6,0,TH_SP15_GEN-APND,TH_SP15_GEN-APND,TH_SP15_GEN-APND,DAM,MCE,LMP_ENE_PRC,TH_SP15_GEN-APND,ALL_APNODES,0,27.64183,11
2020-06-05T15:00:00-00:00,2020-06-05T16:00:00-00:00,2020-06-05,9,0,TH_SP15_GEN-APND,TH_SP15_GEN-APND,TH_SP15_GEN-APND,DAM,MCE,LMP_ENE_PRC,TH_SP15_GEN-APND,ALL_APNODES,0,18.63905,11
2020-06-05T18:00:00-00:00,2020-06-05T19:00:00-00:00,2020-06-05,12,0,TH_SP15_GEN-APND,TH_SP15_GEN-APND,TH_SP15_GEN-APND,DAM,MCE,LMP_ENE_PRC,TH_SP15_GEN-APND,ALL_APNODES,0,17.75048,11
2020-06-06T00:00:00-00:00,2020-06-06T01:00:00-00:00,2020-06-05,18,0,TH_SP15_GEN-APND,TH_SP15_GEN-APND,TH_SP15_GEN-APND,DAM,MCE,LMP_ENE_PRC,TH_SP15_GEN-APND,ALL_APNODES,0,24.99234,11
2020-06-05T14:00:00-00:00,2020-06-05T15:00:00-00:00,2020-06-05,8,0,TH_SP15_GEN-APND,TH_SP15_GEN-APND,TH_SP15_GEN-APND,DAM,MCE,LMP_ENE_PRC,TH_SP15_GEN-APND,ALL_APNODES,0,22.24674,11
2020-06-06T03:00:00-00:00,2020-06-06T04:00:00-00:00,2020-06-05,21,0,TH_SP15_GEN-APND,TH_SP15_GEN-APND,TH_SP15_GEN-APND,DAM,MCE,LMP_ENE_PRC,TH_SP15_GEN-APND,ALL_APNODES,0,37.51658,11
2020-06-06T05:00:00-00:00,2020-06-06T06:00:00-00:00,2020-06-05,23,0,TH_SP15_GEN-APND,TH_SP15_GEN-APND,TH_SP15_GEN-APND,DAM,MCE,LMP_ENE_PRC,TH_SP15_GEN-APND,ALL_APNODES,0,26.11814,11
2020-06-06T06:00:00-00:00,2020-06-06T07:00:00-00:00,2020-06-05,24,0,TH_SP15_GEN-APND,TH_SP15_GEN-APND,TH_SP15_GEN-APND,DAM,MCE,LMP_ENE_PRC,TH_SP15_GEN-APND,ALL_APNODES,0,24.79172,11
2020-06-05T16:00:00-00:00,2020-06-05T17:00:00-00:00,2020-06-05,10,0,TH_SP15_GEN-APND,TH_SP15_GEN-APND,TH_SP15_GEN-APND,DAM,MCE,LMP_ENE_PRC,TH_SP15_GEN-APND,ALL_APNODES,0,18.85457,11
2020-06-05T08:00:00-00:00,2020-06-05T09:00:00-00:00,2020-06-05,2,0,TH_SP15_GEN-APND,TH_SP15_GEN-APND,TH_SP15_GEN-APND,DAM,MCE,LMP_ENE_PRC,TH_SP15_GEN-APND,ALL_APNODES,0,27.08437,11
2020-06-05T09:00:00-00:00,2020-06-05T10:00:00-00:00,2020-06-05,3,0,TH_SP15_GEN-APND,TH_SP15_GEN-APND,TH_SP15_GEN-APND,DAM,MCE,LMP_ENE_PRC,TH_SP15_GEN-APND,ALL_APNODES,0,24.86381,11
2020-06-05T17:00:00-00:00,2020-06-05T18:00:00-00:00,2020-06-05,11,0,TH_SP15_GEN-APND,TH_SP15_GEN-APND,TH_SP15_GEN-APND,DAM,MCL,LMP_LOSS_PRC,TH_SP15_GEN-APND,ALL_APNODES,0,-0.66274,12
2020-06-06T04:00:00-00:00,2020-06-06T05:00:00-00:00,2020-06-05,22,0,TH_SP15_GEN-APND,TH_SP15_GEN-APND,TH_SP15_GEN-APND,DAM,MCL,LMP_LOSS_PRC,TH_SP15_GEN-APND,ALL_APNODES,0,-0.7859,12
2020-06-05T21:00:00-00:00,2020-06-05T22:00:00-00:00,2020-06-05,15,0,TH_SP15_GEN-APND,TH_SP15_GEN-APND,TH_SP15_GEN-APND,DAM,MCL,LMP_LOSS_PRC,TH_SP15_GEN-APND,ALL_APNODES,0,-0.80312,12
2020-06-06T02:00:00-00:00,2020-06-06T03:00:00-00:00,2020-06-05,20,0,TH_SP15_GEN-APND,TH_SP15_GEN-APND,TH_SP15_GEN-APND,DAM,MCL,LMP_LOSS_PRC,TH_SP15_GEN-APND,ALL_APNODES,0,-1.12296,12
2020-06-05T11:00:00-00:00,2020-06-05T12:00:00-00:00,2020-06-05,5,0,TH_SP15_GEN-APND,TH_SP15_GEN-APND,TH_SP15_GEN-APND,DAM,MCL,LMP_LOSS_PRC,TH_SP15_GEN-APND,ALL_APNODES,0,-1.04036,12
2020-06-05T12:00:00-00:00,2020-06-05T13:00:00-00:00,2020-06-05,6,0,TH_SP15_GEN-APND,TH_SP15_GEN-APND,TH_SP15_GEN-APND,DAM,MCL,LMP_LOSS_PRC,TH_SP15_GEN-APND,ALL_APNODES,0,-1.05868,12
2020-06-05T15:00:00-00:00,2020-06-05T16:00:00-00:00,2020-06-05,9,0,TH_SP15_GEN-APND,TH_SP15_GEN-APND,TH_SP15_GEN-APND,DAM,MCL,LMP_LOSS_PRC,TH_SP15_GEN-APND,ALL_APNODES,0,-0.62627,12
2020-06-05T20:00:00-00:00,2020-06-05T21:00:00-00:00,2020-06-05,14,0,TH_SP15_GEN-APND,TH_SP15_GEN-APND,TH_SP15_GEN-APND,DAM,MCL,LMP_LOSS_PRC,TH_SP15_GEN-APND,ALL_APNODES,0,-0.81311,12
2020-06-06T03:00:00-00:00,2020-06-06T04:00:00-00:00,2020-06-05,21,0,TH_SP15_GEN-APND,TH_SP15_GEN-APND,TH_SP15_GEN-APND,DAM,MCL,LMP_LOSS_PRC,TH_SP15_GEN-APND,ALL_APNODES,0,-0.74658,12
2020-06-05T08:00:00-00:00,2020-06-05T09:00:00-00:00,2020-06-05,2,0,TH_SP15_GEN-APND,TH_SP15_GEN-APND,TH_SP15_GEN-APND,DAM,MCL,LMP_LOSS_PRC,TH_SP15_GEN-APND,ALL_APNODES,0,-1.31901,12
2020-06-05T13:00:00-00:00,2020-06-05T14:00:00-00:00,2020-06-05,7,0,TH_SP15_GEN-APND,TH_SP15_GEN-APND,TH_SP15_GEN-APND,DAM,MCL,LMP_LOSS_PRC,TH_SP15_GEN-APND,ALL_APNODES,0,-0.89012,12
2020-06-05T14:00:00-00:00,2020-06-05T15:00:00-00:00,2020-06-05,8,0,TH_SP15_GEN-APND,TH_SP15_GEN-APND,TH_SP15_GEN-APND,DAM,MCL,LMP_LOSS_PRC,TH_SP15_GEN-APND,ALL_APNODES,0,-0.72747,12
2020-06-05T09:00:00-00:00,2020-06-05T10:00:00-00:00,2020-06-05,3,0,TH_SP15_GEN-APND,TH_SP15_GEN-APND,TH_SP15_GEN-APND,DAM,MCL,LMP_LOSS_PRC,TH_SP15_GEN-APND,ALL_APNODES,0,-1.17109,12
2020-06-05T10:00:00-00:00,2020-06-05T11:00:00-00:00,2020-06-05,4,0,TH_SP15_GEN-APND,TH_SP15_GEN-APND,TH_SP15_GEN-APND,DAM,MCL,LMP_LOSS_PRC,TH_SP15_GEN-APND,ALL_APNODES,0,-1.07065,12
2020-06-05T16:00:00-00:00,2020-06-05T17:00:00-00:00,2020-06-05,10,0,TH_SP15_GEN-APND,TH_SP15_GEN-APND,TH_SP15_GEN-APND,DAM,MCL,LMP_LOSS_PRC,TH_SP15_GEN-APND,ALL_APNODES,0,-0.69385,12
2020-06-05T22:00:00-00:00,2020-06-05T23:00:00-00:00,2020-06-05,16,0,TH_SP15_GEN-APND,TH_SP15_GEN-APND,TH_SP15_GEN-APND,DAM,MCL,LMP_LOSS_PRC,TH_SP15_GEN-APND,ALL_APNODES,0,-0.94726,12
2020-06-06T00:00:00-00:00,2020-06-06T01:00:00-00:00,2020-06-05,18,0,TH_SP15_GEN-APND,TH_SP15_GEN-APND,TH_SP15_GEN-APND,DAM,MCL,LMP_LOSS_PRC,TH_SP15_GEN-APND,ALL_APNODES,0,-0.89223,12
2020-06-05T23:00:00-00:00,2020-06-06T00:00:00-00:00,2020-06-05,17,0,TH_SP15_GEN-APND,TH_SP15_GEN-APND,TH_SP15_GEN-APND,DAM,MCL,LMP_LOSS_PRC,TH_SP15_GEN-APND,ALL_APNODES,0,-1.01317,12
2020-06-06T01:00:00-00:00,2020-06-06T02:00:00-00:00,2020-06-05,19,0,TH_SP15_GEN-APND,TH_SP15_GEN-APND,TH_SP15_GEN-APND,DAM,MCL,LMP_LOSS_PRC,TH_SP15_GEN-APND,ALL_APNODES,0,-0.93965,12
2020-06-06T05:00:00-00:00,2020-06-06T06:00:00-00:00,2020-06-05,23,0,TH_SP15_GEN-APND,TH_SP15_GEN-APND,TH_SP15_GEN-APND,DAM,MCL,LMP_LOSS_PRC,TH_SP15_GEN-APND,ALL_APNODES,0,-0.98988,12
2020-06-06T06:00:00-00:00,2020-06-06T07:00:00-00:00,2020-06-05,24,0,TH_SP15_GEN-APND,TH_SP15_GEN-APND,TH_SP15_GEN-APND,DAM,MCL,LMP_LOSS_PRC,TH_SP15_GEN-APND,ALL_APNODES,0,-0.95696,12
2020-06-05T07:00:00-00:00,2020-06-05T08:00:00-00:00,2020-06-05,1,0,TH_SP15_GEN-APND,TH_SP15_GEN-APND,TH_SP15_GEN-APND,DAM,MCL,LMP_LOSS_PRC,TH_SP15_GEN-APND,ALL_APNODES,0,-1.2612,12
2020-06-05T18:00:00-00:00,2020-06-05T19:00:00-00:00,2020-06-05,12,0,TH_SP15_GEN-APND,TH_SP15_GEN-APND,TH_SP15_GEN-APND,DAM,MCL,LMP_LOSS_PRC,TH_SP15_GEN-APND,ALL_APNODES,0,-0.73487,12
2020-06-05T19:00:00-00:00,2020-06-05T20:00:00-00:00,2020-06-05,13,0,TH_SP15_GEN-APND,TH_SP15_GEN-APND,TH_SP15_GEN-APND,DAM,MCL,LMP_LOSS_PRC,TH_SP15_GEN-APND,ALL_APNODES,0,-0.84744,12
2020-06-05T21:00:00-00:00,2020-06-05T22:00:00-00:00,2020-06-05,15,0,TH_ZP26_GEN-APND,TH_ZP26_GEN-APND,TH_ZP26_GEN-APND,DAM,LMP,LMP_PRC,TH_ZP26_GEN-APND,ALL_APNODES,0,16.18757,13
2020-06-06T05:00:00-00:00,2020-06-06T06:00:00-00:00,2020-06-05,23,0,TH_ZP26_GEN-APND,TH_ZP26_GEN-APND,TH_ZP26_GEN-APND,DAM,LMP,LMP_PRC,TH_ZP26_GEN-APND,ALL_APNODES,0,25.06558,13
2020-06-05T23:00:00-00:00,2020-06-06T00:00:00-00:00,2020-06-05,17,0,TH_ZP26_GEN-APND,TH_ZP26_GEN-APND,TH_ZP26_GEN-APND,DAM,LMP,LMP_PRC,TH_ZP26_GEN-APND,ALL_APNODES,0,18.90084,13
2020-06-05T09:00:00-00:00,2020-06-05T10:00:00-00:00,2020-06-05,3,0,TH_ZP26_GEN-APND,TH_ZP26_GEN-APND,TH_ZP26_GEN-APND,DAM,LMP,LMP_PRC,TH_ZP26_GEN-APND,ALL_APNODES,0,23.9712,13
2020-06-05T16:00:00-00:00,2020-06-05T17:00:00-00:00,2020-06-05,10,0,TH_ZP26_GEN-APND,TH_ZP26_GEN-APND,TH_ZP26_GEN-APND,DAM,LMP,LMP_PRC,TH_ZP26_GEN-APND,ALL_APNODES,0,14.95184,13
2020-06-06T04:00:00-00:00,2020-06-06T05:00:00-00:00,2020-06-05,22,0,TH_ZP26_GEN-APND,TH_ZP26_GEN-APND,TH_ZP26_GEN-APND,DAM,LMP,LMP_PRC,TH_ZP26_GEN-APND,ALL_APNODES,0,30.15728,13
2020-06-06T06:00:00-00:00,2020-06-06T07:00:00-00:00,2020-06-05,24,0,TH_ZP26_GEN-APND,TH_ZP26_GEN-APND,TH_ZP26_GEN-APND,DAM,LMP,LMP_PRC,TH_ZP26_GEN-APND,ALL_APNODES,0,22.51733,13
2020-06-05T08:00:00-00:00,2020-06-05T09:00:00-00:00,2020-06-05,2,0,TH_ZP26_GEN-APND,TH_ZP26_GEN-APND,TH_ZP26_GEN-APND,DAM,LMP,LMP_PRC,TH_ZP26_GEN-APND,ALL_APNODES,0,26.11746,13
2020-06-05T15:00:00-00:00,2020-06-05T16:00:00-00:00,2020-06-05,9,0,TH_ZP26_GEN-APND,TH_ZP26_GEN-APND,TH_ZP26_GEN-APND,DAM,LMP,LMP_PRC,TH_ZP26_GEN-APND,ALL_APNODES,0,17.48356,13
2020-06-06T00:00:00-00:00,2020-06-06T01:00:00-00:00,2020-06-05,18,0,TH_ZP26_GEN-APND,TH_ZP26_GEN-APND,TH_ZP26_GEN-APND,DAM,LMP,LMP_PRC,TH_ZP26_GEN-APND,ALL_APNODES,0,23.23589,13
2020-06-05T07:00:00-00:00,2020-06-05T08:00:00-00:00,2020-06-05,1,0,TH_ZP26_GEN-APND,TH_ZP26_GEN-APND,TH_ZP26_GEN-APND,DAM,LMP,LMP_PRC,TH_ZP26_GEN-APND,ALL_APNODES,0,26.88989,13
2020-06-05T10:00:00-00:00,2020-06-05T11:00:00-00:00,2020-06-05,4,0,TH_ZP26_GEN-APND,TH_ZP26_GEN-APND,TH_ZP26_GEN-APND,DAM,LMP,LMP_PRC,TH_ZP26_GEN-APND,ALL_APNODES,0,23.38,13
2020-06-05T14:00:00-00:00,2020-06-05T15:00:00-00:00,2020-06-05,8,0,TH_ZP26_GEN-APND,TH_ZP26_GEN-APND,TH_ZP26_GEN-APND,DAM,LMP,LMP_PRC,TH_ZP26_GEN-APND,ALL_APNODES,0,21.24245,13
2020-06-05T18:00:00-00:00,2020-06-05T19:00:00-00:00,2020-06-05,12,0,TH_ZP26_GEN-APND,TH_ZP26_GEN-APND,TH_ZP26_GEN-APND,DAM,LMP,LMP_PRC,TH_ZP26_GEN-APND,ALL_APNODES,0,16.22761,13
2020-06-05T20:00:00-00:00,2020-06-05T21:00:00-00:00,2020-06-05,14,0,TH_ZP26_GEN-APND,TH_ZP26_GEN-APND,TH_ZP26_GEN-APND,DAM,LMP,LMP_PRC,TH_ZP26_GEN-APND,ALL_APNODES,0,15.63944,13
2020-06-06T03:00:00-00:00,2020-06-06T04:00:00-00:00,2020-06-05,21,0,TH_ZP26_GEN-APND,TH_ZP26_GEN-APND,TH_ZP26_GEN-APND,DAM,LMP,LMP_PRC,TH_ZP26_GEN-APND,ALL_APNODES,0,35.94464,13
2020-06-05T11:00:00-00:00,2020-06-05T12:00:00-00:00,2020-06-05,5,0,TH_ZP26_GEN-APND,TH_ZP26_GEN-APND,TH_ZP26_GEN-APND,DAM,LMP,LMP_PRC,TH_ZP26_GEN-APND,ALL_APNODES,0,23.83937,13
2020-06-05T12:00:00-00:00,2020-06-05T13:00:00-00:00,2020-06-05,6,0,TH_ZP26_GEN-APND,TH_ZP26_GEN-APND,TH_ZP26_GEN-APND,DAM,LMP,LMP_PRC,TH_ZP26_GEN-APND,ALL_APNODES,0,26.7103,13
2020-06-05T17:00:00-00:00,2020-06-05T18:00:00-00:00,2020-06-05,11,0,TH_ZP26_GEN-APND,TH_ZP26_GEN-APND,TH_ZP26_GEN-APND,DAM,LMP,LMP_PRC,TH_ZP26_GEN-APND,ALL_APNODES,0,14.37015,13
2020-06-05T19:00:00-00:00,2020-06-05T20:00:00-00:00,2020-06-05,13,0,TH_ZP26_GEN-APND,TH_ZP26_GEN-APND,TH_ZP26_GEN-APND,DAM,LMP,LMP_PRC,TH_ZP26_GEN-APND,ALL_APNODES,0,14.02,13
2020-06-05T13:00:00-00:00,2020-06-05T14:00:00-00:00,2020-06-05,7,0,TH_ZP26_GEN-APND,TH_ZP26_GEN-APND,TH_ZP26_GEN-APND,DAM,LMP,LMP_PRC,TH_ZP26_GEN-APND,ALL_APNODES,0,25.65355,13
2020-06-06T01:00:00-00:00,2020-06-06T02:00:00-00:00,2020-06-05,19,0,TH_ZP26_GEN-APND,TH_ZP26_GEN-APND,TH_ZP26_GEN-APND,DAM,LMP,LMP_PRC,TH_ZP26_GEN-APND,ALL_APNODES,0,29.9985,13
2020-06-06T02:00:00-00:00,2020-06-06T03:00:00-00:00,2020-06-05,20,0,TH_ZP26_GEN-APND,TH_ZP26_GEN-APND,TH_ZP26_GEN-APND,DAM,LMP,LMP_PRC,TH_ZP26_GEN-APND,ALL_APNODES,0,43.599,13
2020-06-05T22:00:00-00:00,2020-06-05T23:00:00-00:00,2020-06-05,16,0,TH_ZP26_GEN-APND,TH_ZP26_GEN-APND,TH_ZP26_GEN-APND,DAM,LMP,LMP_PRC,TH_ZP26_GEN-APND,ALL_APNODES,0,19.2988,13
2020-06-05T16:00:00-00:00,2020-06-05T17:00:00-00:00,2020-06-05,10,0,TH_ZP26_GEN-APND,TH_ZP26_GEN-APND,TH_ZP26_GEN-APND,DAM,MCC,LMP_CONG_PRC,TH_ZP26_GEN-APND,ALL_APNODES,0,-2.88836,14
2020-06-05T21:00:00-00:00,2020-06-05T22:00:00-00:00,2020-06-05,15,0,TH_ZP26_GEN-APND,TH_ZP26_GEN-APND,TH_ZP26_GEN-APND,DAM,MCC,LMP_CONG_PRC,TH_ZP26_GEN-APND,ALL_APNODES,0,-1.65381,14
2020-06-05T18:00:00-00:00,2020-06-05T19:00:00-00:00,2020-06-05,12,0,TH_ZP26_GEN-APND,TH_ZP26_GEN-APND,TH_ZP26_GEN-APND,DAM,MCC,LMP_CONG_PRC,TH_ZP26_GEN-APND,ALL_APNODES,0,-0.50399,14
2020-06-05T15:00:00-00:00,2020-06-05T16:00:00-00:00,2020-06-05,9,0,TH_ZP26_GEN-APND,TH_ZP26_GEN-APND,TH_ZP26_GEN-APND,DAM,MCC,LMP_CONG_PRC,TH_ZP26_GEN-APND,ALL_APNODES,0,-0.25336,14
2020-06-06T02:00:00-00:00,2020-06-06T03:00:00-00:00,2020-06-05,20,0,TH_ZP26_GEN-APND,TH_ZP26_GEN-APND,TH_ZP26_GEN-APND,DAM,MCC,LMP_CONG_PRC,TH_ZP26_GEN-APND,ALL_APNODES,0,0,14
2020-06-05T11:00:00-00:00,2020-06-05T12:00:00-00:00,2020-06-05,5,0,TH_ZP26_GEN-APND,TH_ZP26_GEN-APND,TH_ZP26_GEN-APND,DAM,MCC,LMP_CONG_PRC,TH_ZP26_GEN-APND,ALL_APNODES,0,0,14
2020-06-06T01:00:00-00:00,2020-06-06T02:00:00-00:00,2020-06-05,19,0,TH_ZP26_GEN-APND,TH_ZP26_GEN-APND,TH_ZP26_GEN-APND,DAM,MCC,LMP_CONG_PRC,TH_ZP26_GEN-APND,ALL_APNODES,0,-0.52072,14
2020-06-05T12:00:00-00:00,2020-06-05T13:00:00-00:00,2020-06-05,6,0,TH_ZP26_GEN-APND,TH_ZP26_GEN-APND,TH_ZP26_GEN-APND,DAM,MCC,LMP_CONG_PRC,TH_ZP26_GEN-APND,ALL_APNODES,0,0,14
2020-06-05T10:00:00-00:00,2020-06-05T11:00:00-00:00,2020-06-05,4,0,TH_ZP26_GEN-APND,TH_ZP26_GEN-APND,TH_ZP26_GEN-APND,DAM,MCC,LMP_CONG_PRC,TH_ZP26_GEN-APND,ALL_APNODES,0,0,14
2020-06-05T09:00:00-00:00,2020-06-05T10:00:00-00:00,2020-06-05,3,0,TH_ZP26_GEN-APND,TH_ZP26_GEN-APND,TH_ZP26_GEN-APND,DAM,MCC,LMP_CONG_PRC,TH_ZP26_GEN-APND,ALL_APNODES,0,0,14
2020-06-06T05:00:00-00:00,2020-06-06T06:00:00-00:00,2020-06-05,23,0,TH_ZP26_GEN-APND,TH_ZP26_GEN-APND,TH_ZP26_GEN-APND,DAM,MCC,LMP_CONG_PRC,TH_ZP26_GEN-APND,ALL_APNODES,0,0,14
2020-06-05T07:00:00-00:00,2020-06-05T08:00:00-00:00,2020-06-05,1,0,TH_ZP26_GEN-APND,TH_ZP26_GEN-APND,TH_ZP26_GEN-APND,DAM,MCC,LMP_CONG_PRC,TH_ZP26_GEN-APND,ALL_APNODES,0,0,14
2020-06-06T06:00:00-00:00,2020-06-06T07:00:00-00:00,2020-06-05,24,0,TH_ZP26_GEN-APND,TH_ZP26_GEN-APND,TH_ZP26_GEN-APND,DAM,MCC,LMP_CONG_PRC,TH_ZP26_GEN-APND,ALL_APNODES,0,-1.2852,14
2020-06-06T03:00:00-00:00,2020-06-06T04:00:00-00:00,2020-06-05,21,0,TH_ZP26_GEN-APND,TH_ZP26_GEN-APND,TH_ZP26_GEN-APND,DAM,MCC,LMP_CONG_PRC,TH_ZP26_GEN-APND,ALL_APNODES,0,0,14
2020-06-06T04:00:00-00:00,2020-06-06T05:00:00-00:00,2020-06-05,22,0,TH_ZP26_GEN-APND,TH_ZP26_GEN-APND,TH_ZP26_GEN-APND,DAM,MCC,LMP_CONG_PRC,TH_ZP26_GEN-APND,ALL_APNODES,0,-0.00232,14
2020-06-06T00:00:00-00:00,2020-06-06T01:00:00-00:00,2020-06-05,18,0,TH_ZP26_GEN-APND,TH_ZP26_GEN-APND,TH_ZP26_GEN-APND,DAM,MCC,LMP_CONG_PRC,TH_ZP26_GEN-APND,ALL_APNODES,0,-0.08697,14
2020-06-05T22:00:00-00:00,2020-06-05T23:00:00-00:00,2020-06-05,16,0,TH_ZP26_GEN-APND,TH_ZP26_GEN-APND,TH_ZP26_GEN-APND,DAM,MCC,LMP_CONG_PRC,TH_ZP26_GEN-APND,ALL_APNODES,0,-0.22105,14
2020-06-05T20:00:00-00:00,2020-06-05T21:00:00-00:00,2020-06-05,14,0,TH_ZP26_GEN-APND,TH_ZP26_GEN-APND,TH_ZP26_GEN-APND,DAM,MCC,LMP_CONG_PRC,TH_ZP26_GEN-APND,ALL_APNODES,0,-1.14334,14
2020-06-05T14:00:00-00:00,2020-06-05T15:00:00-00:00,2020-06-05,8,0,TH_ZP26_GEN-APND,TH_ZP26_GEN-APND,TH_ZP26_GEN-APND,DAM,MCC,LMP_CONG_PRC,TH_ZP26_GEN-APND,ALL_APNODES,0,-0.00319,14
2020-06-05T13:00:00-00:00,2020-06-05T14:00:00-00:00,2020-06-05,7,0,TH_ZP26_GEN-APND,TH_ZP26_GEN-APND,TH_ZP26_GEN-APND,DAM,MCC,LMP_CONG_PRC,TH_ZP26_GEN-APND,ALL_APNODES,0,0,14
2020-06-05T08:00:00-00:00,2020-06-05T09:00:00-00:00,2020-06-05,2,0,TH_ZP26_GEN-APND,TH_ZP26_GEN-APND,TH_ZP26_GEN-APND,DAM,MCC,LMP_CONG_PRC,TH_ZP26_GEN-APND,ALL_APNODES,0,0,14
2020-06-05T23:00:00-00:00,2020-06-06T00:00:00-00:00,2020-06-05,17,0,TH_ZP26_GEN-APND,TH_ZP26_GEN-APND,TH_ZP26_GEN-APND,DAM,MCC,LMP_CONG_PRC,TH_ZP26_GEN-APND,ALL_APNODES,0,-0.94836,14
2020-06-05T17:00:00-00:00,2020-06-05T18:00:00-00:00,2020-06-05,11,0,TH_ZP26_GEN-APND,TH_ZP26_GEN-APND,TH_ZP26_GEN-APND,DAM,MCC,LMP_CONG_PRC,TH_ZP26_GEN-APND,ALL_APNODES,0,-2.34732,14
2020-06-05T19:00:00-00:00,2020-06-05T20:00:00-00:00,2020-06-05,13,0,TH_ZP26_GEN-APND,TH_ZP26_GEN-APND,TH_ZP26_GEN-APND,DAM,MCC,LMP_CONG_PRC,TH_ZP26_GEN-APND,ALL_APNODES,0,-1.89184,14
2020-06-05T11:00:00-00:00,2020-06-05T12:00:00-00:00,2020-06-05,5,0,TH_ZP26_GEN-APND,TH_ZP26_GEN-APND,TH_ZP26_GEN-APND,DAM,MCE,LMP_ENE_PRC,TH_ZP26_GEN-APND,ALL_APNODES,0,24.7117,15
2020-06-06T06:00:00-00:00,2020-06-06T07:00:00-00:00,2020-06-05,24,0,TH_ZP26_GEN-APND,TH_ZP26_GEN-APND,TH_ZP26_GEN-APND,DAM,MCE,LMP_ENE_PRC,TH_ZP26_GEN-APND,ALL_APNODES,0,24.79172,15
2020-06-05T09:00:00-00:00,2020-06-05T10:00:00-00:00,2020-06-05,3,0,TH_ZP26_GEN-APND,TH_ZP26_GEN-APND,TH_ZP26_GEN-APND,DAM,MCE,LMP_ENE_PRC,TH_ZP26_GEN-APND,ALL_APNODES,0,24.86381,15
2020-06-05T08:00:00-00:00,2020-06-05T09:00:00-00:00,2020-06-05,2,0,TH_ZP26_GEN-APND,TH_ZP26_GEN-APND,TH_ZP26_GEN-APND,DAM,MCE,LMP_ENE_PRC,TH_ZP26_GEN-APND,ALL_APNODES,0,27.08437,15
2020-06-05T07:00:00-00:00,2020-06-05T08:00:00-00:00,2020-06-05,1,0,TH_ZP26_GEN-APND,TH_ZP26_GEN-APND,TH_ZP26_GEN-APND,DAM,MCE,LMP_ENE_PRC,TH_ZP26_GEN-APND,ALL_APNODES,0,27.90276,15
2020-06-05T19:00:00-00:00,2020-06-05T20:00:00-00:00,2020-06-05,13,0,TH_ZP26_GEN-APND,TH_ZP26_GEN-APND,TH_ZP26_GEN-APND,DAM,MCE,LMP_ENE_PRC,TH_ZP26_GEN-APND,ALL_APNODES,0,16.91489,15
2020-06-05T23:00:00-00:00,2020-06-06T00:00:00-00:00,2020-06-05,17,0,TH_ZP26_GEN-APND,TH_ZP26_GEN-APND,TH_ZP26_GEN-APND,DAM,MCE,LMP_ENE_PRC,TH_ZP26_GEN-APND,ALL_APNODES,0,21.24045,15
2020-06-05T22:00:00-00:00,2020-06-05T23:00:00-00:00,2020-06-05,16,0,TH_ZP26_GEN-APND,TH_ZP26_GEN-APND,TH_ZP26_GEN-APND,DAM,MCE,LMP_ENE_PRC,TH_ZP26_GEN-APND,ALL_APNODES,0,20.81895,15
2020-06-05T18:00:00-00:00,2020-06-05T19:00:00-00:00,2020-06-05,12,0,TH_ZP26_GEN-APND,TH_ZP26_GEN-APND,TH_ZP26_GEN-APND,DAM,MCE,LMP_ENE_PRC,TH_ZP26_GEN-APND,ALL_APNODES,0,17.75048,15
2020-06-06T03:00:00-00:00,2020-06-06T04:00:00-00:00,2020-06-05,21,0,TH_ZP26_GEN-APND,TH_ZP26_GEN-APND,TH_ZP26_GEN-APND,DAM,MCE,LMP_ENE_PRC,TH_ZP26_GEN-APND,ALL_APNODES,0,37.51658,15
2020-06-06T02:00:00-00:00,2020-06-06T03:00:00-00:00,2020-06-05,20,0,TH_ZP26_GEN-APND,TH_ZP26_GEN-APND,TH_ZP26_GEN-APND,DAM,MCE,LMP_ENE_PRC,TH_ZP26_GEN-APND,ALL_APNODES,0,45.64862,15
2020-06-05T17:00:00-00:00,2020-06-05T18:00:00-00:00,2020-06-05,11,0,TH_ZP26_GEN-APND,TH_ZP26_GEN-APND,TH_ZP26_GEN-APND,DAM,MCE,LMP_ENE_PRC,TH_ZP26_GEN-APND,ALL_APNODES,0,17.72045,15
2020-06-05T15:00:00-00:00,2020-06-05T16:00:00-00:00,2020-06-05,9,0,TH_ZP26_GEN-APND,TH_ZP26_GEN-APND,TH_ZP26_GEN-APND,DAM,MCE,LMP_ENE_PRC,TH_ZP26_GEN-APND,ALL_APNODES,0,18.63905,15
2020-06-05T14:00:00-00:00,2020-06-05T15:00:00-00:00,2020-06-05,8,0,TH_ZP26_GEN-APND,TH_ZP26_GEN-APND,TH_ZP26_GEN-APND,DAM,MCE,LMP_ENE_PRC,TH_ZP26_GEN-APND,ALL_APNODES,0,22.24674,15
2020-06-05T13:00:00-00:00,2020-06-05T14:00:00-00:00,2020-06-05,7,0,TH_ZP26_GEN-APND,TH_ZP26_GEN-APND,TH_ZP26_GEN-APND,DAM,MCE,LMP_ENE_PRC,TH_ZP26_GEN-APND,ALL_APNODES,0,26.65027,15
2020-06-06T05:00:00-00:00,2020-06-06T06:00:00-00:00,2020-06-05,23,0,TH_ZP26_GEN-APND,TH_ZP26_GEN-APND,TH_ZP26_GEN-APND,DAM,MCE,LMP_ENE_PRC,TH_ZP26_GEN-APND,ALL_APNODES,0,26.11814,15
2020-06-06T00:00:00-00:00,2020-06-06T01:00:00-00:00,2020-06-05,18,0,TH_ZP26_GEN-APND,TH_ZP26_GEN-APND,TH_ZP26_GEN-APND,DAM,MCE,LMP_ENE_PRC,TH_ZP26_GEN-APND,ALL_APNODES,0,24.99234,15
2020-06-05T21:00:00-00:00,2020-06-05T22:00:00-00:00,2020-06-05,15,0,TH_ZP26_GEN-APND,TH_ZP26_GEN-APND,TH_ZP26_GEN-APND,DAM,MCE,LMP_ENE_PRC,TH_ZP26_GEN-APND,ALL_APNODES,0,18.98625,15
2020-06-06T04:00:00-00:00,2020-06-06T05:00:00-00:00,2020-06-05,22,0,TH_ZP26_GEN-APND,TH_ZP26_GEN-APND,TH_ZP26_GEN-APND,DAM,MCE,LMP_ENE_PRC,TH_ZP26_GEN-APND,ALL_APNODES,0,31.43589,15
2020-06-05T12:00:00-00:00,2020-06-05T13:00:00-00:00,2020-06-05,6,0,TH_ZP26_GEN-APND,TH_ZP26_GEN-APND,TH_ZP26_GEN-APND,DAM,MCE,LMP_ENE_PRC,TH_ZP26_GEN-APND,ALL_APNODES,0,27.64183,15
2020-06-05T20:00:00-00:00,2020-06-05T21:00:00-00:00,2020-06-05,14,0,TH_ZP26_GEN-APND,TH_ZP26_GEN-APND,TH_ZP26_GEN-APND,DAM,MCE,LMP_ENE_PRC,TH_ZP26_GEN-APND,ALL_APNODES,0,17.83125,15
2020-06-06T01:00:00-00:00,2020-06-06T02:00:00-00:00,2020-06-05,19,0,TH_ZP26_GEN-APND,TH_ZP26_GEN-APND,TH_ZP26_GEN-APND,DAM,MCE,LMP_ENE_PRC,TH_ZP26_GEN-APND,ALL_APNODES,0,32.40177,15
2020-06-05T16:00:00-00:00,2020-06-05T17:00:00-00:00,2020-06-05,10,0,TH_ZP26_GEN-APND,TH_ZP26_GEN-APND,TH_ZP26_GEN-APND,DAM,MCE,LMP_ENE_PRC,TH_ZP26_GEN-APND,ALL_APNODES,0,18.85457,15
2020-06-05T10:00:00-00:00,2020-06-05T11:00:00-00:00,2020-06-05,4,0,TH_ZP26_GEN-APND,TH_ZP26_GEN-APND,TH_ZP26_GEN-APND,DAM,MCE,LMP_ENE_PRC,TH_ZP26_GEN-APND,ALL_APNODES,0,24.22296,15
2020-06-05T13:00:00-00:00,2020-06-05T14:00:00-00:00,2020-06-05,7,0,TH_ZP26_GEN-APND,TH_ZP26_GEN-APND,TH_ZP26_GEN-APND,DAM,MCL,LMP_LOSS_PRC,TH_ZP26_GEN-APND,ALL_APNODES,0,-0.99672,16
2020-06-05T14:00:00-00:00,2020-06-05T15:00:00-00:00,2020-06-05,8,0,TH_ZP26_GEN-APND,TH_ZP26_GEN-APND,TH_ZP26_GEN-APND,DAM,MCL,LMP_LOSS_PRC,TH_ZP26_GEN-APND,ALL_APNODES,0,-1.0011,16
2020-06-05T08:00:00-00:00,2020-06-05T09:00:00-00:00,2020-06-05,2,0,TH_ZP26_GEN-APND,TH_ZP26_GEN-APND,TH_ZP26_GEN-APND,DAM,MCL,LMP_LOSS_PRC,TH_ZP26_GEN-APND,ALL_APNODES,0,-0.96691,16
2020-06-05T16:00:00-00:00,2020-06-05T17:00:00-00:00,2020-06-05,10,0,TH_ZP26_GEN-APND,TH_ZP26_GEN-APND,TH_ZP26_GEN-APND,DAM,MCL,LMP_LOSS_PRC,TH_ZP26_GEN-APND,ALL_APNODES,0,-1.01438,16
2020-06-06T01:00:00-00:00,2020-06-06T02:00:00-00:00,2020-06-05,19,0,TH_ZP26_GEN-APND,TH_ZP26_GEN-APND,TH_ZP26_GEN-APND,DAM,MCL,LMP_LOSS_PRC,TH_ZP26_GEN-APND,ALL_APNODES,0,-1.88254,16
2020-06-05T15:00:00-00:00,2020-06-05T16:00:00-00:00,2020-06-05,9,0,TH_ZP26_GEN-APND,TH_ZP26_GEN-APND,TH_ZP26_GEN-APND,DAM,MCL,LMP_LOSS_PRC,TH_ZP26_GEN-APND,ALL_APNODES,0,-0.90213,16
2020-06-06T06:00:00-00:00,2020-06-06T07:00:00-00:00,2020-06-05,24,0,TH_ZP26_GEN-APND,TH_ZP26_GEN-APND,TH_ZP26_GEN-APND,DAM,MCL,LMP_LOSS_PRC,TH_ZP26_GEN-APND,ALL_APNODES,0,-0.98919,16
2020-06-05T09:00:00-00:00,2020-06-05T10:00:00-00:00,2020-06-05,3,0,TH_ZP26_GEN-APND,TH_ZP26_GEN-APND,TH_ZP26_GEN-APND,DAM,MCL,LMP_LOSS_PRC,TH_ZP26_GEN-APND,ALL_APNODES,0,-0.89261,16
2020-06-05T12:00:00-00:00,2020-06-05T13:00:00-00:00,2020-06-05,6,0,TH_ZP26_GEN-APND,TH_ZP26_GEN-APND,TH_ZP26_GEN-APND,DAM,MCL,LMP_LOSS_PRC,TH_ZP26_GEN-APND,ALL_APNODES,0,-0.93153,16
2020-06-05T19:00:00-00:00,2020-06-05T20:00:00-00:00,2020-06-05,13,0,TH_ZP26_GEN-APND,TH_ZP26_GEN-APND,TH_ZP26_GEN-APND,DAM,MCL,LMP_LOSS_PRC,TH_ZP26_GEN-APND,ALL_APNODES,0,-1.00305,16
2020-06-05T22:00:00-00:00,2020-06-05T23:00:00-00:00,2020-06-05,16,0,TH_ZP26_GEN-APND,TH_ZP26_GEN-APND,TH_ZP26_GEN-APND,DAM,MCL,LMP_LOSS_PRC,TH_ZP26_GEN-APND,ALL_APNODES,0,-1.2991,16
2020-06-06T03:00:00-00:00,2020-06-06T04:00:00-00:00,2020-06-05,21,0,TH_ZP26_GEN-APND,TH_ZP26_GEN-APND,TH_ZP26_GEN-APND,DAM,MCL,LMP_LOSS_PRC,TH_ZP26_GEN-APND,ALL_APNODES,0,-1.57194,16
2020-06-05T11:00:00-00:00,2020-06-05T12:00:00-00:00,2020-06-05,5,0,TH_ZP26_GEN-APND,TH_ZP26_GEN-APND,TH_ZP26_GEN-APND,DAM,MCL,LMP_LOSS_PRC,TH_ZP26_GEN-APND,ALL_APNODES,0,-0.87232,16
2020-06-05T18:00:00-00:00,2020-06-05T19:00:00-00:00,2020-06-05,12,0,TH_ZP26_GEN-APND,TH_ZP26_GEN-APND,TH_ZP26_GEN-APND,DAM,MCL,LMP_LOSS_PRC,TH_ZP26_GEN-APND,ALL_APNODES,0,-1.01888,16
2020-06-05T20:00:00-00:00,2020-06-05T21:00:00-00:00,2020-06-05,14,0,TH_ZP26_GEN-APND,TH_ZP26_GEN-APND,TH_ZP26_GEN-APND,DAM,MCL,LMP_LOSS_PRC,TH_ZP26_GEN-APND,ALL_APNODES,0,-1.04848,16
2020-06-06T02:00:00-00:00,2020-06-06T03:00:00-00:00,2020-06-05,20,0,TH_ZP26_GEN-APND,TH_ZP26_GEN-APND,TH_ZP26_GEN-APND,DAM,MCL,LMP_LOSS_PRC,TH_ZP26_GEN-APND,ALL_APNODES,0,-2.04962,16
2020-06-06T05:00:00-00:00,2020-06-06T06:00:00-00:00,2020-06-05,23,0,TH_ZP26_GEN-APND,TH_ZP26_GEN-APND,TH_ZP26_GEN-APND,DAM,MCL,LMP_LOSS_PRC,TH_ZP26_GEN-APND,ALL_APNODES,0,-1.05256,16
2020-06-06T00:00:00-00:00,2020-06-06T01:00:00-00:00,2020-06-05,18,0,TH_ZP26_GEN-APND,TH_ZP26_GEN-APND,TH_ZP26_GEN-APND,DAM,MCL,LMP_LOSS_PRC,TH_ZP26_GEN-APND,ALL_APNODES,0,-1.66949,16
2020-06-06T04:00:00-00:00,2020-06-06T05:00:00-00:00,2020-06-05,22,0,TH_ZP26_GEN-APND,TH_ZP26_GEN-APND,TH_ZP26_GEN-APND,DAM,MCL,LMP_LOSS_PRC,TH_ZP26_GEN-APND,ALL_APNODES,0,-1.2763,16
2020-06-05T07:00:00-00:00,2020-06-05T08:00:00-00:00,2020-06-05,1,0,TH_ZP26_GEN-APND,TH_ZP26_GEN-APND,TH_ZP26_GEN-APND,DAM,MCL,LMP_LOSS_PRC,TH_ZP26_GEN-APND,ALL_APNODES,0,-1.01287,16
2020-06-05T17:00:00-00:00,2020-06-05T18:00:00-00:00,2020-06-05,11,0,TH_ZP26_GEN-APND,TH_ZP26_GEN-APND,TH_ZP26_GEN-APND,DAM,MCL,LMP_LOSS_PRC,TH_ZP26_GEN-APND,ALL_APNODES,0,-1.00298,16
2020-06-05T21:00:00-00:00,2020-06-05T22:00:00-00:00,2020-06-05,15,0,TH_ZP26_GEN-APND,TH_ZP26_GEN-APND,TH_ZP26_GEN-APND,DAM,MCL,LMP_LOSS_PRC,TH_ZP26_GEN-APND,ALL_APNODES,0,-1.14487,16
2020-06-05T23:00:00-00:00,2020-06-06T00:00:00-00:00,2020-06-05,17,0,TH_ZP26_GEN-APND,TH_ZP26_GEN-APND,TH_ZP26_GEN-APND,DAM,MCL,LMP_LOSS_PRC,TH_ZP26_GEN-APND,ALL_APNODES,0,-1.39125,16
2020-06-05T10:00:00-00:00,2020-06-05T11:00:00-00:00,2020-06-05,4,0,TH_ZP26_GEN-APND,TH_ZP26_GEN-APND,TH_ZP26_GEN-APND,DAM,MCL,LMP_LOSS_PRC,TH_ZP26_GEN-APND,ALL_APNODES,0,-0.84296,16
2020-06-05T10:00:00-00:00,2020-06-05T11:00:00-00:00,2020-06-05,4,0,URBAN_6_N005,URBAN_6_N005,URBAN_6_N005,DAM,LMP,LMP_PRC,URBAN_6_N005,ALL,1,24.09942,17
2020-06-05T16:00:00-00:00,2020-06-05T17:00:00-00:00,2020-06-05,10,0,URBAN_6_N005,URBAN_6_N005,URBAN_6_N005,DAM,LMP,LMP_PRC,URBAN_6_N005,ALL,1,16.69235,17
2020-06-05T20:00:00-00:00,2020-06-05T21:00:00-00:00,2020-06-05,14,0,URBAN_6_N005,URBAN_6_N005,URBAN_6_N005,DAM,LMP,LMP_PRC,URBAN_6_N005,ALL,1,16.85642,17
2020-06-05T22:00:00-00:00,2020-06-05T23:00:00-00:00,2020-06-05,16,0,URBAN_6_N005,URBAN_6_N005,URBAN_6_N005,DAM,LMP,LMP_PRC,URBAN_6_N005,ALL,1,20.7498,17
2020-06-06T01:00:00-00:00,2020-06-06T02:00:00-00:00,2020-06-05,19,0,URBAN_6_N005,URBAN_6_N005,URBAN_6_N005,DAM,LMP,LMP_PRC,URBAN_6_N005,ALL,1,31.40966,17
2020-06-06T04:00:00-00:00,2020-06-06T05:00:00-00:00,2020-06-05,22,0,URBAN_6_N005,URBAN_6_N005,URBAN_6_N005,DAM,LMP,LMP_PRC,URBAN_6_N005,ALL,1,32.05832,17
2020-06-05T09:00:00-00:00,2020-06-05T10:00:00-00:00,2020-06-05,3,0,URBAN_6_N005,URBAN_6_N005,URBAN_6_N005,DAM,LMP,LMP_PRC,URBAN_6_N005,ALL,1,24.72457,17
2020-06-05T17:00:00-00:00,2020-06-05T18:00:00-00:00,2020-06-05,11,0,URBAN_6_N005,URBAN_6_N005,URBAN_6_N005,DAM,LMP,LMP_PRC,URBAN_6_N005,ALL,1,15.99076,17
2020-06-05T23:00:00-00:00,2020-06-06T00:00:00-00:00,2020-06-05,17,0,URBAN_6_N005,URBAN_6_N005,URBAN_6_N005,DAM,LMP,LMP_PRC,URBAN_6_N005,ALL,1,20.78239,17
2020-06-06T02:00:00-00:00,2020-06-06T03:00:00-00:00,2020-06-05,20,0,URBAN_6_N005,URBAN_6_N005,URBAN_6_N005,DAM,LMP,LMP_PRC,URBAN_6_N005,ALL,1,46.59811,17
2020-06-05T13:00:00-00:00,2020-06-05T14:00:00-00:00,2020-06-05,7,0,URBAN_6_N005,URBAN_6_N005,URBAN_6_N005,DAM,LMP,LMP_PRC,URBAN_6_N005,ALL,1,26.78885,17
2020-06-05T15:00:00-00:00,2020-06-05T16:00:00-00:00,2020-06-05,9,0,URBAN_6_N005,URBAN_6_N005,URBAN_6_N005,DAM,LMP,LMP_PRC,URBAN_6_N005,ALL,1,18.64155,17
2020-06-05T21:00:00-00:00,2020-06-05T22:00:00-00:00,2020-06-05,15,0,URBAN_6_N005,URBAN_6_N005,URBAN_6_N005,DAM,LMP,LMP_PRC,URBAN_6_N005,ALL,1,17.61447,17
2020-06-06T03:00:00-00:00,2020-06-06T04:00:00-00:00,2020-06-05,21,0,URBAN_6_N005,URBAN_6_N005,URBAN_6_N005,DAM,LMP,LMP_PRC,URBAN_6_N005,ALL,1,38.33819,17
2020-06-06T06:00:00-00:00,2020-06-06T07:00:00-00:00,2020-06-05,24,0,URBAN_6_N005,URBAN_6_N005,URBAN_6_N005,DAM,LMP,LMP_PRC,URBAN_6_N005,ALL,1,23.90566,17
2020-06-05T08:00:00-00:00,2020-06-05T09:00:00-00:00,2020-06-05,2,0,URBAN_6_N005,URBAN_6_N005,URBAN_6_N005,DAM,LMP,LMP_PRC,URBAN_6_N005,ALL,1,27.04374,17
2020-06-05T14:00:00-00:00,2020-06-05T15:00:00-00:00,2020-06-05,8,0,URBAN_6_N005,URBAN_6_N005,URBAN_6_N005,DAM,LMP,LMP_PRC,URBAN_6_N005,ALL,1,22.59824,17
2020-06-05T18:00:00-00:00,2020-06-05T19:00:00-00:00,2020-06-05,12,0,URBAN_6_N005,URBAN_6_N005,URBAN_6_N005,DAM,LMP,LMP_PRC,URBAN_6_N005,ALL,1,17.59076,17
2020-06-06T00:00:00-00:00,2020-06-06T01:00:00-00:00,2020-06-05,18,0,URBAN_6_N005,URBAN_6_N005,URBAN_6_N005,DAM,LMP,LMP_PRC,URBAN_6_N005,ALL,1,24.88356,17
2020-06-05T07:00:00-00:00,2020-06-05T08:00:00-00:00,2020-06-05,1,0,URBAN_6_N005,URBAN_6_N005,URBAN_6_N005,DAM,LMP,LMP_PRC,URBAN_6_N005,ALL,1,27.75208,17
2020-06-05T11:00:00-00:00,2020-06-05T12:00:00-00:00,2020-06-05,5,0,URBAN_6_N005,URBAN_6_N005,URBAN_6_N005,DAM,LMP,LMP_PRC,URBAN_6_N005,ALL,1,24.74629,17
2020-06-06T05:00:00-00:00,2020-06-06T06:00:00-00:00,2020-06-05,23,0,URBAN_6_N005,URBAN_6_N005,URBAN_6_N005,DAM,LMP,LMP_PRC,URBAN_6_N005,ALL,1,26.16254,17
2020-06-05T12:00:00-00:00,2020-06-05T13:00:00-00:00,2020-06-05,6,0,URBAN_6_N005,URBAN_6_N005,URBAN_6_N005,DAM,LMP,LMP_PRC,URBAN_6_N005,ALL,1,27.76345,17
2020-06-05T19:00:00-00:00,2020-06-05T20:00:00-00:00,2020-06-05,13,0,URBAN_6_N005,URBAN_6_N005,URBAN_6_N005,DAM,LMP,LMP_PRC,URBAN_6_N005,ALL,1,15.3839,17
2020-06-06T01:00:00-00:00,2020-06-06T02:00:00-00:00,2020-06-05,19,0,URBAN_6_N005,URBAN_6_N005,URBAN_6_N005,DAM,MCC,LMP_CONG_PRC,URBAN_6_N005,ALL,1,-1.78271,18
2020-06-05T18:00:00-00:00,2020-06-05T19:00:00-00:00,2020-06-05,12,0,URBAN_6_N005,URBAN_6_N005,URBAN_6_N005,DAM,MCC,LMP_CONG_PRC,URBAN_6_N005,ALL,1,-0.4171,18
2020-06-05T15:00:00-00:00,2020-06-05T16:00:00-00:00,2020-06-05,9,0,URBAN_6_N005,URBAN_6_N005,URBAN_6_N005,DAM,MCC,LMP_CONG_PRC,URBAN_6_N005,ALL,1,-0.20812,18
2020-06-05T09:00:00-00:00,2020-06-05T10:00:00-00:00,2020-06-05,3,0,URBAN_6_N005,URBAN_6_N005,URBAN_6_N005,DAM,MCC,LMP_CONG_PRC,URBAN_6_N005,ALL,1,0,18
2020-06-06T05:00:00-00:00,2020-06-06T06:00:00-00:00,2020-06-05,23,0,URBAN_6_N005,URBAN_6_N005,URBAN_6_N005,DAM,MCC,LMP_CONG_PRC,URBAN_6_N005,ALL,1,0,18
2020-06-05T21:00:00-00:00,2020-06-05T22:00:00-00:00,2020-06-05,15,0,URBAN_6_N005,URBAN_6_N005,URBAN_6_N005,DAM,MCC,LMP_CONG_PRC,URBAN_6_N005,ALL,1,-1.35849,18
2020-06-05T19:00:00-00:00,2020-06-05T20:00:00-00:00,2020-06-05,13,0,URBAN_6_N005,URBAN_6_N005,URBAN_6_N005,DAM,MCC,LMP_CONG_PRC,URBAN_6_N005,ALL,1,-1.46841,18
2020-06-05T08:00:00-00:00,2020-06-05T09:00:00-00:00,2020-06-05,2,0,URBAN_6_N005,URBAN_6_N005,URBAN_6_N005,DAM,MCC,LMP_CONG_PRC,URBAN_6_N005,ALL,1,0,18
2020-06-05T22:00:00-00:00,2020-06-05T23:00:00-00:00,2020-06-05,16,0,URBAN_6_N005,URBAN_6_N005,URBAN_6_N005,DAM,MCC,LMP_CONG_PRC,URBAN_6_N005,ALL,1,-0.18158,18
2020-06-05T17:00:00-00:00,2020-06-05T18:00:00-00:00,2020-06-05,11,0,URBAN_6_N005,URBAN_6_N005,URBAN_6_N005,DAM,MCC,LMP_CONG_PRC,URBAN_6_N005,ALL,1,-1.92816,18
2020-06-06T04:00:00-00:00,2020-06-06T05:00:00-00:00,2020-06-05,22,0,URBAN_6_N005,URBAN_6_N005,URBAN_6_N005,DAM,MCC,LMP_CONG_PRC,URBAN_6_N005,ALL,1,0,18
2020-06-05T16:00:00-00:00,2020-06-05T17:00:00-00:00,2020-06-05,10,0,URBAN_6_N005,URBAN_6_N005,URBAN_6_N005,DAM,MCC,LMP_CONG_PRC,URBAN_6_N005,ALL,1,-2.39036,18
2020-06-05T12:00:00-00:00,2020-06-05T13:00:00-00:00,2020-06-05,6,0,URBAN_6_N005,URBAN_6_N005,URBAN_6_N005,DAM,MCC,LMP_CONG_PRC,URBAN_6_N005,ALL,1,0,18
2020-06-05T10:00:00-00:00,2020-06-05T11:00:00-00:00,2020-06-05,4,0,URBAN_6_N005,URBAN_6_N005,URBAN_6_N005,DAM,MCC,LMP_CONG_PRC,URBAN_6_N005,ALL,1,0,18
2020-06-06T00:00:00-00:00,2020-06-06T01:00:00-00:00,2020-06-05,18,0,URBAN_6_N005,URBAN_6_N005,URBAN_6_N005,DAM,MCC,LMP_CONG_PRC,URBAN_6_N005,ALL,1,-0.66861,18
2020-06-05T23:00:00-00:00,2020-06-06T00:00:00-00:00,2020-06-05,17,0,URBAN_6_N005,URBAN_6_N005,URBAN_6_N005,DAM,MCC,LMP_CONG_PRC,URBAN_6_N005,ALL,1,-0.5324,18
2020-06-05T14:00:00-00:00,2020-06-05T15:00:00-00:00,2020-06-05,8,0,URBAN_6_N005,URBAN_6_N005,URBAN_6_N005,DAM,MCC,LMP_CONG_PRC,URBAN_6_N005,ALL,1,0,18
2020-06-05T13:00:00-00:00,2020-06-05T14:00:00-00:00,2020-06-05,7,0,URBAN_6_N005,URBAN_6_N005,URBAN_6_N005,DAM,MCC,LMP_CONG_PRC,URBAN_6_N005,ALL,1,0,18
2020-06-06T06:00:00-00:00,2020-06-06T07:00:00-00:00,2020-06-05,24,0,URBAN_6_N005,URBAN_6_N005,URBAN_6_N005,DAM,MCC,LMP_CONG_PRC,URBAN_6_N005,ALL,1,-1.0472,18
2020-06-05T20:00:00-00:00,2020-06-05T21:00:00-00:00,2020-06-05,14,0,URBAN_6_N005,URBAN_6_N005,URBAN_6_N005,DAM,MCC,LMP_CONG_PRC,URBAN_6_N005,ALL,1,-0.93917,18
2020-06-06T03:00:00-00:00,2020-06-06T04:00:00-00:00,2020-06-05,21,0,URBAN_6_N005,URBAN_6_N005,URBAN_6_N005,DAM,MCC,LMP_CONG_PRC,URBAN_6_N005,ALL,1,0,18
2020-06-06T02:00:00-00:00,2020-06-06T03:00:00-00:00,2020-06-05,20,0,URBAN_6_N005,URBAN_6_N005,URBAN_6_N005,DAM,MCC,LMP_CONG_PRC,URBAN_6_N005,ALL,1,0,18
2020-06-05T11:00:00-00:00,2020-06-05T12:00:00-00:00,2020-06-05,5,0,URBAN_6_N005,URBAN_6_N005,URBAN_6_N005,DAM,MCC,LMP_CONG_PRC,URBAN_6_N005,ALL,1,0,18
2020-06-05T07:00:00-00:00,2020-06-05T08:00:00-00:00,2020-06-05,1,0,URBAN_6_N005,URBAN_6_N005,URBAN_6_N005,DAM,MCC,LMP_CONG_PRC,URBAN_6_N005,ALL,1,0,18
2020-06-06T05:00:00-00:00,2020-06-06T06:00:00-00:00,2020-06-05,23,0,URBAN_6_N005,URBAN_6_N005,URBAN_6_N005,DAM,MCE,LMP_ENE_PRC,URBAN_6_N005,ALL,1,26.11814,19
2020-06-05T11:00:00-00:00,2020-06-05T12:00:00-00:00,2020-06-05,5,0,URBAN_6_N005,URBAN_6_N005,URBAN_6_N005,DAM,MCE,LMP_ENE_PRC,URBAN_6_N005,ALL,1,24.7117,19
2020-06-05T13:00:00-00:00,2020-06-05T14:00:00-00:00,2020-06-05,7,0,URBAN_6_N005,URBAN_6_N005,URBAN_6_N005,DAM,MCE,LMP_ENE_PRC,URBAN_6_N005,ALL,1,26.65027,19
2020-06-05T12:00:00-00:00,2020-06-05T13:00:00-00:00,2020-06-05,6,0,URBAN_6_N005,URBAN_6_N005,URBAN_6_N005,DAM,MCE,LMP_ENE_PRC,URBAN_6_N005,ALL,1,27.64183,19
2020-06-06T01:00:00-00:00,2020-06-06T02:00:00-00:00,2020-06-05,19,0,URBAN_6_N005,URBAN_6_N005,URBAN_6_N005,DAM,MCE,LMP_ENE_PRC,URBAN_6_N005,ALL,1,32.40177,19
2020-06-05T23:00:00-00:00,2020-06-06T00:00:00-00:00,2020-06-05,17,0,URBAN_6_N005,URBAN_6_N005,URBAN_6_N005,DAM,MCE,LMP_ENE_PRC,URBAN_6_N005,ALL,1,21.24045,19
2020-06-05T19:00:00-00:00,2020-06-05T20:00:00-00:00,2020-06-05,13,0,URBAN_6_N005,URBAN_6_N005,URBAN_6_N005,DAM,MCE,LMP_ENE_PRC,URBAN_6_N005,ALL,1,16.91489,19
2020-06-05T17:00:00-00:00,2020-06-05T18:00:00-00:00,2020-06-05,11,0,URBAN_6_N005,URBAN_6_N005,URBAN_6_N005,DAM,MCE,LMP_ENE_PRC,URBAN_6_N005,ALL,1,17.72045,19
2020-06-05T10:00:00-00:00,2020-06-05T11:00:00-00:00,2020-06-05,4,0,URBAN_6_N005,URBAN_6_N005,URBAN_6_N005,DAM,MCE,LMP_ENE_PRC,URBAN_6_N005,ALL,1,24.22296,19
2020-06-05T09:00:00-00:00,2020-06-05T10:00:00-00:00,2020-06-05,3,0,URBAN_6_N005,URBAN_6_N005,URBAN_6_N005,DAM,MCE,LMP_ENE_PRC,URBAN_6_N005,ALL,1,24.86381,19
2020-06-06T02:00:00-00:00,2020-06-06T03:00:00-00:00,2020-06-05,20,0,URBAN_6_N005,URBAN_6_N005,URBAN_6_N005,DAM,MCE,LMP_ENE_PRC,URBAN_6_N005,ALL,1,45.64862,19
2020-06-06T00:00:00-00:00,2020-06-06T01:00:00-00:00,2020-06-05,18,0,URBAN_6_N005,URBAN_6_N005,URBAN_6_N005,DAM,MCE,LMP_ENE_PRC,URBAN_6_N005,ALL,1,24.99234,19
2020-06-05T22:00:00-00:00,2020-06-05T23:00:00-00:00,2020-06-05,16,0,URBAN_6_N005,URBAN_6_N005,URBAN_6_N005,DAM,MCE,LMP_ENE_PRC,URBAN_6_N005,ALL,1,20.81895,19
2020-06-05T21:00:00-00:00,2020-06-05T22:00:00-00:00,2020-06-05,15,0,URBAN_6_N005,URBAN_6_N005,URBAN_6_N005,DAM,MCE,LMP_ENE_PRC,URBAN_6_N005,ALL,1,18.98625,19
2020-06-05T18:00:00-00:00,2020-06-05T19:00:00-00:00,2020-06-05,12,0,URBAN_6_N005,URBAN_6_N005,URBAN_6_N005,DAM,MCE,LMP_ENE_PRC,URBAN_6_N005,ALL,1,17.75048,19
2020-06-05T15:00:00-00:00,2020-06-05T16:00:00-00:00,2020-06-05,9,0,URBAN_6_N005,URBAN_6_N005,URBAN_6_N005,DAM,MCE,LMP_ENE_PRC,URBAN_6_N005,ALL,1,18.63905,19
2020-06-05T16:00:00-00:00,2020-06-05T17:00:00-00:00,2020-06-05,10,0,URBAN_6_N005,URBAN_6_N005,URBAN_6_N005,DAM,MCE,LMP_ENE_PRC,URBAN_6_N005,ALL,1,18.85457,19
2020-06-06T04:00:00-00:00,2020-06-06T05:00:00-00:00,2020-06-05,22,0,URBAN_6_N005,URBAN_6_N005,URBAN_6_N005,DAM,MCE,LMP_ENE_PRC,URBAN_6_N005,ALL,1,31.43589,19
2020-06-05T07:00:00-00:00,2020-06-05T08:00:00-00:00,2020-06-05,1,0,URBAN_6_N005,URBAN_6_N005,URBAN_6_N005,DAM,MCE,LMP_ENE_PRC,URBAN_6_N005,ALL,1,27.90276,19
2020-06-06T06:00:00-00:00,2020-06-06T07:00:00-00:00,2020-06-05,24,0,URBAN_6_N005,URBAN_6_N005,URBAN_6_N005,DAM,MCE,LMP_ENE_PRC,URBAN_6_N005,ALL,1,24.79172,19
2020-06-05T08:00:00-00:00,2020-06-05T09:00:00-00:00,2020-06-05,2,0,URBAN_6_N005,URBAN_6_N005,URBAN_6_N005,DAM,MCE,LMP_ENE_PRC,URBAN_6_N005,ALL,1,27.08437,19
2020-06-06T03:00:00-00:00,2020-06-06T04:00:00-00:00,2020-06-05,21,0,URBAN_6_N005,URBAN_6_N005,URBAN_6_N005,DAM,MCE,LMP_ENE_PRC,URBAN_6_N005,ALL,1,37.51658,19
2020-06-05T14:00:00-00:00,2020-06-05T15:00:00-00:00,2020-06-05,8,0,URBAN_6_N005,URBAN_6_N005,URBAN_6_N005,DAM,MCE,LMP_ENE_PRC,URBAN_6_N005,ALL,1,22.24674,19
2020-06-05T20:00:00-00:00,2020-06-05T21:00:00-00:00,2020-06-05,14,0,URBAN_6_N005,URBAN_6_N005,URBAN_6_N005,DAM,MCE,LMP_ENE_PRC,URBAN_6_N005,ALL,1,17.83125,19
2020-06-05T12:00:00-00:00,2020-06-05T13:00:00-00:00,2020-06-05,6,0,URBAN_6_N005,URBAN_6_N005,URBAN_6_N005,DAM,MCL,LMP_LOSS_PRC,URBAN_6_N005,ALL,1,0.12162,20
2020-06-05T13:00:00-00:00,2020-06-05T14:00:00-00:00,2020-06-05,7,0,URBAN_6_N005,URBAN_6_N005,URBAN_6_N005,DAM,MCL,LMP_LOSS_PRC,URBAN_6_N005,ALL,1,0.13858,20
2020-06-05T14:00:00-00:00,2020-06-05T15:00:00-00:00,2020-06-05,8,0,URBAN_6_N005,URBAN_6_N005,URBAN_6_N005,DAM,MCL,LMP_LOSS_PRC,URBAN_6_N005,ALL,1,0.3515,20
2020-06-05T15:00:00-00:00,2020-06-05T16:00:00-00:00,2020-06-05,9,0,URBAN_6_N005,URBAN_6_N005,URBAN_6_N005,DAM,MCL,LMP_LOSS_PRC,URBAN_6_N005,ALL,1,0.21062,20
2020-06-05T17:00:00-00:00,2020-06-05T18:00:00-00:00,2020-06-05,11,0,URBAN_6_N005,URBAN_6_N005,URBAN_6_N005,DAM,MCL,LMP_LOSS_PRC,URBAN_6_N005,ALL,1,0.19847,20
2020-06-05T20:00:00-00:00,2020-06-05T21:00:00-00:00,2020-06-05,14,0,URBAN_6_N005,URBAN_6_N005,URBAN_6_N005,DAM,MCL,LMP_LOSS_PRC,URBAN_6_N005,ALL,1,-0.03566,20
2020-06-05T21:00:00-00:00,2020-06-05T22:00:00-00:00,2020-06-05,15,0,URBAN_6_N005,URBAN_6_N005,URBAN_6_N005,DAM,MCL,LMP_LOSS_PRC,URBAN_6_N005,ALL,1,-0.01329,20
2020-06-06T03:00:00-00:00,2020-06-06T04:00:00-00:00,2020-06-05,21,0,URBAN_6_N005,URBAN_6_N005,URBAN_6_N005,DAM,MCL,LMP_LOSS_PRC,URBAN_6_N005,ALL,1,0.82161,20
2020-06-05T07:00:00-00:00,2020-06-05T08:00:00-00:00,2020-06-05,1,0,URBAN_6_N005,URBAN_6_N005,URBAN_6_N005,DAM,MCL,LMP_LOSS_PRC,URBAN_6_N005,ALL,1,-0.15067,20
2020-06-05T08:00:00-00:00,2020-06-05T09:00:00-00:00,2020-06-05,2,0,URBAN_6_N005,URBAN_6_N005,URBAN_6_N005,DAM,MCL,LMP_LOSS_PRC,URBAN_6_N005,ALL,1,-0.04063,20
2020-06-06T00:00:00-00:00,2020-06-06T01:00:00-00:00,2020-06-05,18,0,URBAN_6_N005,URBAN_6_N005,URBAN_6_N005,DAM,MCL,LMP_LOSS_PRC,URBAN_6_N005,ALL,1,0.55983,20
2020-06-06T01:00:00-00:00,2020-06-06T02:00:00-00:00,2020-06-05,19,0,URBAN_6_N005,URBAN_6_N005,URBAN_6_N005,DAM,MCL,LMP_LOSS_PRC,URBAN_6_N005,ALL,1,0.7906,20
2020-06-05T16:00:00-00:00,2020-06-05T17:00:00-00:00,2020-06-05,10,0,URBAN_6_N005,URBAN_6_N005,URBAN_6_N005,DAM,MCL,LMP_LOSS_PRC,URBAN_6_N005,ALL,1,0.22814,20
2020-06-05T19:00:00-00:00,2020-06-05T20:00:00-00:00,2020-06-05,13,0,URBAN_6_N005,URBAN_6_N005,URBAN_6_N005,DAM,MCL,LMP_LOSS_PRC,URBAN_6_N005,ALL,1,-0.06259,20
2020-06-06T04:00:00-00:00,2020-06-06T05:00:00-00:00,2020-06-05,22,0,URBAN_6_N005,URBAN_6_N005,URBAN_6_N005,DAM,MCL,LMP_LOSS_PRC,URBAN_6_N005,ALL,1,0.62243,20
2020-06-06T05:00:00-00:00,2020-06-06T06:00:00-00:00,2020-06-05,23,0,URBAN_6_N005,URBAN_6_N005,URBAN_6_N005,DAM,MCL,LMP_LOSS_PRC,URBAN_6_N005,ALL,1,0.0444,20
2020-06-05T11:00:00-00:00,2020-06-05T12:00:00-00:00,2020-06-05,5,0,URBAN_6_N005,URBAN_6_N005,URBAN_6_N005,DAM,MCL,LMP_LOSS_PRC,URBAN_6_N005,ALL,1,0.0346,20
2020-06-06T06:00:00-00:00,2020-06-06T07:00:00-00:00,2020-06-05,24,0,URBAN_6_N005,URBAN_6_N005,URBAN_6_N005,DAM,MCL,LMP_LOSS_PRC,URBAN_6_N005,ALL,1,0.16115,20
2020-06-05T18:00:00-00:00,2020-06-05T19:00:00-00:00,2020-06-05,12,0,URBAN_6_N005,URBAN_6_N005,URBAN_6_N005,DAM,MCL,LMP_LOSS_PRC,URBAN_6_N005,ALL,1,0.25738,20
2020-06-05T23:00:00-00:00,2020-06-06T00:00:00-00:00,2020-06-05,17,0,URBAN_6_N005,URBAN_6_N005,URBAN_6_N005,DAM,MCL,LMP_LOSS_PRC,URBAN_6_N005,ALL,1,0.07434,20
2020-06-06T02:00:00-00:00,2020-06-06T03:00:00-00:00,2020-06-05,20,0,URBAN_6_N005,URBAN_6_N005,URBAN_6_N005,DAM,MCL,LMP_LOSS_PRC,URBAN_6_N005,ALL,1,0.94949,20
2020-06-05T22:00:00-00:00,2020-06-05T23:00:00-00:00,2020-06-05,16,0,URBAN_6_N005,URBAN_6_N005,URBAN_6_N005,DAM,MCL,LMP_LOSS_PRC,URBAN_6_N005,ALL,1,0.11242,20
2020-06-05T09:00:00-00:00,2020-06-05T10:00:00-00:00,2020-06-05,3,0,URBAN_6_N005,URBAN_6_N005,URBAN_6_N005,DAM,MCL,LMP_LOSS_PRC,URBAN_6_N005,ALL,1,-0.13924,20
2020-06-05T10:00:00-00:00,2020-06-05T11:00:00-00:00,2020-06-05,4,0,URBAN_6_N005,URBAN_6_N005,URBAN_6_N005,DAM,MCL,LMP_LOSS_PRC,URBAN_6_N005,ALL,1,-0.12354,20
